999,0.46890247,0.9885683,-0.951643,True
998,-0.47408998,-0.26656282,-0.6816391,True
997,-0.91747904,-0.30589473,0.11313021,True
996,-0.45188344,2.4965048e-2,0.63147426,True
995,-0.20457458,-0.35990965,-0.67816806,False
994,0.24422479,0.92386425,-1.1009216e-2,True
993,8.179796e-2,0.65335584,-0.19100833,True
992,-0.3318919,-0.5218297,0.101878285,False
991,0.85584044,-0.57344806,-0.49994016,False
990,-0.2113111,0.9394628,-0.21731675,True
989,-0.63068354,7.381487e-2,-4.835081e-2,True
988,-2.1814346e-2,-0.666401,-0.77953696,False
987,0.9565269,0.36004043,0.7625054,False
986,-0.43080878,0.9852489,-8.698702e-3,True
985,0.900887,0.9123782,-0.38655245,True
984,-0.83346057,0.95647657,-0.97359586,True
983,0.9280517,0.82317686,0.72870684,False
982,-0.9723797,0.6006328,-0.238796,True
981,-3.7798882e-3,-1.4641404e-2,-0.48323226,True
980,-0.26060438,0.74589145,0.44694662,True
979,0.5864599,0.532055,-0.13074148,True
978,3.510666e-2,0.10035324,-0.48984373,True
977,0.9449458,-0.67569184,-0.8173255,False
976,-0.47377503,-0.9365994,0.69276714,False
975,-0.13625002,-0.7153702,-0.8772094,False
974,-5.9313655e-2,0.21713412,0.52196574,True
973,0.43323386,0.27911723,0.40600812,False
972,0.7203393,-0.22645521,0.38096964,False
971,-0.8841784,0.7875303,-0.20671117,True
970,0.7348751,0.35985386,0.85683393,False
969,0.2019751,-0.11707878,0.84252524,False
968,0.4263245,-0.3046502,-0.5158309,False
967,-0.4861871,-0.5395709,-0.8361231,True
966,0.44792187,-4.811561e-2,-0.84547937,False
965,0.75450504,0.6102823,-0.33366716,True
964,0.22665226,0.9550626,0.82760537,True
963,-0.59732866,0.25079477,0.41005945,True
962,-0.9235307,0.37309122,0.25439656,True
961,-0.63657784,-0.2401241,0.71015465,True
960,-0.24616039,0.7110746,-0.36210656,True
959,7.1439743e-3,0.6227542,6.552017e-2,True
958,0.18987441,-0.780097,0.6719285,False
957,-0.57719755,0.558141,0.5219258,True
956,3.674841e-2,-5.6164265e-2,-0.86320376,True
955,-0.5672121,-0.71252275,0.36430955,False
954,-0.13064754,-6.2627792e-3,0.27756608,True
953,-0.73089576,0.73565614,0.2211318,True
952,-0.4945191,-3.824234e-2,-0.94340205,True
951,-0.4592502,-0.753831,0.1892848,False
950,-0.50312614,-0.8339391,-0.77870893,False
949,-0.7504103,-0.12007189,-0.19337964,True
948,-0.50241864,-0.44519842,-0.6601293,True
947,0.13963974,-0.1960839,0.106992364,False
946,-0.9134158,0.15973985,-0.6174865,True
945,1.0334253e-3,0.12121606,5.813229e-2,True
944,0.35348666,-0.6414578,-0.1734227,False
943,0.7141354,-0.9376626,0.10222602,False
942,0.60353386,-0.43922746,0.8537283,False
941,0.3796202,0.3150611,-0.77408254,True
940,0.2678038,-0.18856609,-0.53905606,False
939,-0.432984,-0.23308754,-0.7711185,True
938,-0.5366974,0.3833636,-0.7003653,True
937,0.8108735,0.7013521,-0.8101964,True
936,0.4331963,0.22233152,-0.59349716,False
935,0.20664752,0.15277493,0.35186577,False
934,-0.31099355,0.46469617,0.6240207,True
933,-0.26349807,0.1486237,0.12023091,True
932,0.72640944,-0.5090331,-0.69739556,False
931,0.96465063,0.14588177,0.22467959,False
930,-0.1305604,-7.5130224e-2,-0.77285707,True
929,0.32411408,0.33887112,-0.3810662,True
928,0.9995202,-0.30074024,-0.67138004,False
927,-0.5853139,0.8170353,-0.22541487,True
926,-8.258641e-2,-0.53135216,0.8403939,False
925,0.72962976,-0.42844474,0.706246,False
924,-0.49887156,0.44820154,-1.61767e-4,True
923,0.61114895,0.40601897,0.22639072,False
922,-0.5782316,-0.4500314,2.8967857e-2,True
921,0.13328803,-0.55960906,0.77325046,False
920,0.7309669,-0.6513773,0.33587086,False
919,-0.72307575,0.6023698,-0.38333797,True
918,5.2441835e-2,0.6088059,8.8712454e-2,True
917,-0.8892896,-2.960682e-2,-1.460886e-2,True
916,0.5189115,1.1333108e-2,-0.13748407,False
915,-0.6221392,-0.8950846,-0.58666646,False
914,0.14563894,-0.82472277,0.29934645,False
913,-0.6852735,0.98053074,-0.6377342,True
912,-0.54735446,-0.29584014,0.18825471,True
911,0.33419514,-9.3159795e-2,-0.43762815,False
910,-7.7642202e-3,0.66172457,0.37327814,True
909,0.49576223,-0.27348626,0.6241089,False
908,0.7648791,-0.7009717,0.9965856,False
907,0.6637492,-0.5483295,-0.18184674,False
906,0.15791321,0.13345397,0.43222773,False
905,1.5733242e-2,0.6046908,0.48759985,True
904,0.42916024,0.23545933,-2.1213412e-2,False
903,0.21359754,0.9589945,0.1704464,True
902,0.18596888,0.7849568,-0.92667174,True
901,-3.935814e-3,-1.8517137e-2,0.6393963,False
900,-0.23359442,0.10497272,0.82935214,True
899,-0.8215829,0.4997306,-0.63877857,True
898,0.40091276,-0.29915214,-0.30267978,False
897,-0.1490612,-0.4919566,0.99485767,False
896,0.19100237,0.5498462,0.27610254,True
895,0.32421207,0.24127734,-0.37659383,True
894,0.3270042,0.56666696,9.426701e-2,True
893,-0.96897995,0.39381242,-4.2252183e-2,True
892,-0.7967913,1.11448765e-2,-0.37332833,True
891,3.6144614e-2,-1.4320135e-2,-8.4986925e-2,False
890,0.4181533,-0.37187362,-0.5711739,False
889,0.25849366,-0.69934773,-0.5997995,False
888,0.66268015,0.13010252,-0.20821214,False
887,-0.21587205,-9.386337e-2,-0.5472156,True
886,0.47012687,0.78327036,0.9118185,True
885,-0.53577864,0.6784706,0.9324415,True
884,0.1256187,0.70866716,-0.6309626,True
883,-0.57334864,7.476258e-2,-0.771978,True
882,0.24863565,0.142591,-0.36888433,True
881,0.7174983,0.4821701,0.3182974,False
880,0.71627533,-0.3470328,0.47819066,False
879,0.21355236,-0.242661,0.37483203,False
878,0.40899575,0.4583279,-0.6101831,True
877,0.7601098,-0.91565764,-0.6298505,False
876,-0.2531669,-0.10275102,-0.10941148,True
875,-0.454432,0.16993284,6.069064e-2,True
874,0.2707349,0.7865039,-0.46047938,True
873,0.47436,-6.9257975e-2,-0.19015944,False
872,0.79082656,-0.8235984,-0.58752334,False
871,-0.29842508,-0.16521704,0.8726835,False
870,0.73341715,-0.38234043,-0.76590514,False
869,-0.64591074,0.56462634,0.33212543,True
868,-5.4571867e-2,-0.9231236,-0.31272483,False
867,-0.14792073,0.6280571,-0.40149438,True
866,0.438326,0.39302433,0.49881017,False
865,-0.6321324,0.62753654,0.12429452,True
864,-0.7485721,-0.8218167,-0.6523391,False
863,0.6466365,-0.549402,2.4098039e-2,False
862,0.41900718,0.4508518,-0.60611486,True
861,1.5570164e-2,-0.92886126,0.74761665,False
860,0.11496878,-0.535537,-0.3321364,False
859,-0.9817147,-1.5115738e-2,-0.7477474,True
858,0.4162835,-0.4080218,-0.7686262,False
857,-0.42779624,0.42240202,0.658962,True
856,-0.66879404,-0.94908845,0.55026567,False
855,0.65222347,-0.7128602,0.9292774,False
854,-0.35560644,-0.59774685,0.15991282,False
853,0.6555979,0.16411126,-0.498788,False
852,-0.5454091,0.26141167,-0.60331106,True
851,-0.8894354,7.267821e-2,-0.44491792,True
850,1.8779516e-2,0.41989613,-0.16282535,True
849,-0.5433053,0.82678664,-0.5118238,True
848,0.89258504,0.4863832,-3.0859709e-2,False
847,-0.15457594,0.8572923,0.1589117,True
846,-0.29978716,-0.7319596,-0.90684855,False
845,0.67009056,0.28704703,0.9753325,False
844,-0.14890361,0.93528867,0.24979484,True
843,-0.76744246,0.5915531,-0.14157689,True
842,-0.11118579,2.1668792e-2,-0.16443503,True
841,-0.32159674,-0.74875295,-0.31751359,False
840,0.38319564,0.17198062,0.91852736,False
839,-0.6705034,0.11570585,-0.23539567,True
838,-0.2267152,-0.22202837,0.47355795,False
837,-0.41574478,-0.45110226,-0.4354037,False
836,-6.182194e-4,0.18952036,0.7150172,True
835,0.10381925,-0.97351754,-0.49174786,False
834,-0.84121084,-0.12650084,0.34588563,True
833,0.22951531,0.4730581,-0.62881804,True
832,-8.915305e-3,-0.23818362,0.42899978,False
831,0.10380721,0.7416576,-0.3757813,True
830,-0.53449273,-0.7097211,-0.6277695,False
829,-0.9188273,-0.2209661,0.69573903,True
828,-0.68897235,-0.84003127,-0.3562914,False
827,-0.99270046,-0.86853623,0.6059327,False
826,8.555448e-2,0.5245031,-2.5236607e-4,True
825,1.9600034e-2,-0.45250094,0.56155956,False
824,-0.2147417,-0.7967484,-0.55443907,False
823,-0.3598454,-0.3207178,-0.12603271,True
822,0.56861985,-0.8986628,0.95859647,False
821,0.9053031,9.4226e-2,3.315711e-2,False
820,-9.01587e-2,-0.7850182,4.3834925e-2,False
819,0.6466845,-0.4930129,0.2710781,False
818,-0.43624938,-0.95778954,0.7599447,False
817,-0.64553237,-0.98896456,-0.3883208,False
816,0.7084142,-0.4724437,-0.60381854,False
815,-0.15579307,-0.43720376,-0.9478396,False
814,0.3202988,0.19251096,0.43881035,False
813,0.40974092,0.3032223,0.8441713,False
812,-0.43113708,6.63507e-3,-0.38186598,True
811,0.25734305,0.13742256,-0.10459614,False
810,-2.5723338e-2,0.86580336,-0.7433717,True
809,0.49360406,0.52281725,0.88627994,False
808,-0.41193008,-0.9277986,0.2878157,False
807,-0.9173491,0.4423176,-4.293728e-2,True
806,-0.6446748,0.26865685,-0.5019065,True
805,0.41630924,8.622646e-3,-0.13992906,False
804,0.8018186,0.8164412,0.19755113,True
803,5.5535674e-2,-0.5546963,0.84132457,False
802,4.065037e-3,-0.97801363,0.82417786,False
801,-0.549294,0.60884285,-0.84935665,True
800,-0.11313641,-0.48981452,0.76324356,False
799,0.51531947,0.25804043,-0.48315382,False
798,-0.31699646,0.6050545,-0.4666636,True
797,9.421122e-2,-0.87796235,-0.42558682,False
796,-0.39477527,-0.93134594,-0.6847749,False
795,-0.38679457,-0.54079735,0.19768977,False
794,-0.2007308,-0.9109677,-0.4002961,False
793,0.5197847,0.5116223,0.63378394,False
792,0.35039747,4.2870283e-2,0.7746222,False
791,-0.18623507,-0.22074592,-0.4686035,True
790,-0.15442264,-8.6183906e-2,-0.17501092,True
789,0.24661326,0.9547969,-0.69534874,True
788,-0.69026566,0.3816265,-0.15246296,True
787,0.114462495,0.5237117,0.104289055,True
786,-0.15603316,0.7534505,0.14440036,True
785,-0.16917062,-0.7149154,0.20387256,False
784,-0.49073112,-0.5791441,0.25510645,False
783,0.8931416,0.4117813,-0.76315796,False
782,-0.5451081,0.54632914,0.19683826,True
781,1.7620206e-2,-0.3261124,0.5408474,False
780,0.543,-0.71382296,0.3073547,False
779,0.13671243,0.103860736,-0.68362534,True
778,-0.56940544,-0.5450034,-0.6065129,True
777,-0.73640585,-6.111133e-2,0.24907696,True
776,0.32801712,0.7574345,-0.6886201,True
775,0.8314959,-5.551517e-2,0.24751925,False
774,0.20276392,-0.63192225,0.18502069,False
773,0.84029377,9.77757e-2,-0.81684804,False
772,-0.6430453,-0.46315587,-0.4109274,True
771,0.1101073,-0.18036044,0.3192768,False
770,-4.816556e-2,5.658114e-2,-0.20212221,True
769,0.86477864,-0.88440025,0.8329629,False
768,-1.6559482e-2,-0.72664654,0.5375358,False
767,0.8118514,-0.1450994,0.2055484,False
766,-0.18317676,-0.61273515,0.39545095,False
765,-0.27361548,4.7029376e-2,0.8274981,True
764,0.6459602,-0.15657127,-0.16835928,False
763,0.51818705,-0.95766294,0.3476168,False
762,0.49289572,0.56873786,2.9817104e-2,True
761,0.17647612,0.13369584,-0.10751641,True
760,0.35975802,0.6884651,-0.16399372,True
759,0.53812206,-0.93033206,0.94832253,False
758,0.6878778,0.20531774,0.22377634,False
757,-0.43548882,-0.79936314,-0.538061,False
756,-0.8470969,-0.18515527,0.75500345,True
755,-0.24041474,-0.6241801,7.163882e-2,False
754,-2.160585e-2,0.29244924,0.18886292,True
753,0.8328968,7.093191e-2,-0.11792648,False
752,-0.67493117,0.47915912,-0.87245953,True
751,0.41368544,-0.8135191,-0.5587276,False
750,0.6226586,-7.2437406e-2,-0.15322816,False
749,-0.43322337,0.8159896,0.82243526,True
748,-0.63334954,0.8640963,-0.34226406,True
747,-0.9052342,0.90195525,-0.15631795,True
746,0.594808,-0.66700625,0.578943,False
745,-0.8948524,0.1737405,-0.26549506,True
744,-0.66878223,0.71528494,-0.53760815,True
743,-1.755333e-2,-0.9905275,-0.528859,False
742,-0.9342754,0.43985403,-0.1836437,True
741,-0.8651804,0.8491049,0.97133636,True
740,-6.229222e-2,0.9140992,-0.8644364,True
739,-0.5473336,0.99701285,-0.9929855,True
738,-0.5115551,0.42866385,0.15641654,True
737,-0.39932716,-0.41106355,0.2377131,False
736,0.6407521,3.184831e-2,1.4921069e-2,False
735,9.659481e-2,-0.5961515,0.57892346,False
734,6.885052e-2,0.8015499,0.15682888,True
733,-0.99009323,0.32680106,0.8342918,True
732,0.7584095,-0.63705194,-0.6050112,False
731,-0.8668878,0.8650662,0.30138922,True
730,0.8563776,0.24701297,-0.26470518,False
729,-0.35117483,-0.9440038,-0.45254922,False
728,0.9442892,-0.6702144,-0.4846878,False
727,0.50319207,-0.9440875,0.9926299,False
726,-0.7285708,0.759627,-0.90845203,True
725,0.657392,0.8752909,1.6290188e-2,True
724,-0.99776626,-0.14421439,-0.9176414,True
723,-0.89256644,0.56978786,0.4430524,True
722,0.8643352,-0.622385,0.43422532,False
721,0.687305,0.40997028,-0.9214376,True
720,-0.3372302,0.8463874,-0.59267235,True
719,0.30651987,0.26052678,-0.3031391,True
718,-0.25586724,0.8684052,0.8468374,True
717,0.3156283,-0.33831394,0.26420212,False
716,0.7009785,0.9489862,5.0925493e-2,True
715,0.22924376,7.826769e-2,0.25635993,False
714,-0.8430662,0.948007,-0.72062254,True
713,2.1040201e-2,0.9246628,0.15365052,True
712,-0.6354388,-0.56497645,0.8224778,False
711,-0.42942536,0.48440218,0.31691635,True
710,-2.4867415e-2,0.834659,0.31793523,True
709,-0.50228024,0.33479464,0.8502377,True
708,-0.6930107,0.12907422,-0.34189892,True
707,-0.5295062,0.63159287,-0.17149353,True
706,-0.55385125,0.36206782,-0.7817888,True
705,6.187904e-2,0.65328395,-0.80664384,True
704,0.9394518,-6.3598275e-2,0.5219214,False
703,0.43412113,0.6372198,-0.76346695,True
702,-0.2310425,-0.23098302,0.4654318,False
701,-0.6778225,-0.54322433,0.1898042,False
700,-0.16340816,0.36841917,-0.12429774,True
699,-8.56328e-3,0.8420764,-0.8109622,True
698,-0.6080704,0.5402812,0.6161659,True
697,-0.8257977,0.3934431,-0.32118332,True
696,-0.74182224,-0.51473415,0.87225544,False
695,-0.96641445,-0.33957887,0.64639425,True
694,0.7398492,-0.38302767,7.1154594e-2,False
693,-0.14573061,-0.41555178,-0.20442724,False
692,9.7467184e-2,8.992314e-2,0.75508344,False
691,0.29197288,-0.9643165,0.9652339,False
690,-0.5796275,-0.4119625,-0.20129216,True
689,0.99222505,1.1211753e-2,0.38906562,False
688,0.9428494,-0.791345,-0.78127635,False
687,0.25274098,-0.5559722,0.89270735,False
686,0.3625822,0.7323904,-0.5813464,True
685,0.82648253,0.5796579,0.10359657,False
684,-0.21730268,0.51475143,-0.8200079,True
683,-0.11989331,0.8684952,0.9596964,True
682,0.5989021,-0.22549546,0.1622541,False
681,-0.9365382,0.28515887,-0.21036053,True
680,0.53191507,-0.80406785,0.80088687,False
679,0.66119456,-0.91494226,0.9003179,False
678,0.13390243,3.4577608e-2,-0.9160656,True
677,-0.93204284,3.739357e-2,-0.3189602,True
676,-0.7489048,-1.3565898e-2,-0.1799072,True
675,-0.35609603,-0.54516876,-0.41667914,False
674,0.25350058,-0.46482968,-0.42736816,False
673,-0.28429496,3.1084776e-2,0.40585732,True
672,0.16137981,-0.71357703,3.7181854e-2,False
671,-0.37556756,-0.20287263,-0.9803895,True
670,0.2786467,-0.2945621,0.4431287,False
669,0.41922998,0.10912478,0.32456887,False
668,-0.32095003,0.8067794,-0.9486562,True
667,-0.36779737,-4.018581e-2,0.7766968,True
666,0.9080577,0.9920641,0.64660335,True
665,-0.92856336,-4.2388797e-2,-0.41639912,True
664,0.78251994,0.83493805,-0.93592644,True
663,0.60975397,-0.5443871,-0.4243126,False
662,0.2716607,0.71859145,0.38706613,True
661,-9.0004325e-2,0.27474523,0.2583078,True
660,0.52556086,-0.87256527,-0.8103632,False
659,-0.57444453,0.8382143,0.99097204,True
658,-0.3260305,0.6492399,0.86496544,True
657,0.8451519,0.44767284,-0.7782817,False
656,0.765077,-0.22633731,0.7828398,False
655,0.6658591,0.6294583,-0.16032171,True
654,-0.49300086,0.8396871,-0.43596685,True
653,0.51357126,0.757897,-0.30544436,True
652,0.21621752,0.66596425,1.4981866e-2,True
651,-0.95431435,-0.49581385,-0.8820889,True
650,-0.8983892,0.7601948,-0.29264975,True
649,-0.8257685,0.31063986,0.97140634,True
648,0.639658,0.34874392,-0.13084519,False
647,0.14116979,0.32665348,-0.90506613,True
646,-0.6533216,0.98546946,0.8509947,True
645,-0.3898027,-0.19004583,0.42709327,True
644,-0.80004144,-0.9965191,0.9401473,False
643,0.6391252,-0.6090827,-0.6630279,False
642,0.19304836,-0.53020334,0.5883907,False
641,0.6241833,0.65421736,0.8279321,False
640,-0.5562539,-1.1637211e-3,0.36540687,True
639,9.556639e-2,-7.559502e-2,-0.83317435,False
638,-0.8939531,0.31056106,0.93755066,True
637,-0.5110067,0.21590447,0.73656416,True
636,0.65617263,0.8617321,-0.66297436,True
635,-0.13758981,0.84341633,5.836618e-2,True
634,9.363413e-2,-0.90761817,-0.4278381,False
633,-0.93575037,-0.95383847,0.43660414,False
632,-0.43428683,0.42782068,0.5905589,True
631,0.7166661,-0.65645206,-0.71855724,False
630,0.3224932,-0.16571224,0.6102723,False
629,0.3782524,0.96147716,0.80482185,True
628,0.8460736,0.13142478,0.16481185,False
627,0.37121427,0.22520125,-0.20696378,False
626,9.454489e-4,-0.8428,-0.84473896,False
625,0.3281325,-0.98605454,-0.9989532,False
624,-0.77950394,-0.18536258,-6.1438203e-2,True
623,-0.5465785,0.4127891,0.4206674,True
622,0.68152833,0.500172,-0.9405074,True
621,0.20435643,-0.1974144,0.39876235,False
620,-0.7703564,0.83436894,0.1581788,True
619,0.8653351,0.19797468,-0.22116816,False
618,-0.6447104,-0.17439878,0.6458322,True
617,-0.9732498,-0.75075126,-0.10029137,True
616,0.34052718,-0.45056832,-0.8202429,False
615,-0.8314632,0.31020916,9.8765135e-2,True
614,-0.86977684,-0.8459022,-0.643245,False
613,-8.075011e-2,-0.21195853,-0.250399,False
612,0.84466016,0.18943906,-0.47907436,False
611,-0.4991907,0.8991717,-0.4538901,True
610,0.46760356,4.3212533e-2,0.6453978,False
609,-0.16685092,0.5612376,0.12752867,True
608,0.1473316,-8.251488e-2,0.9393488,False
607,-0.37737334,0.65882695,-0.82310283,True
606,-0.58059263,-0.1289022,-0.5746343,True
605,0.9853842,-0.17204285,0.9772346,False
604,-0.17603564,0.20670116,0.21687162,True
603,-0.50600684,9.650445e-2,0.46152496,True
602,-0.14679706,0.38572252,0.8433324,True
601,3.6261797e-2,-0.3109877,-0.5959369,False
600,-9.752607e-2,0.90237904,0.54639363,True
599,-0.94532335,-0.12383032,-0.3675282,True
598,0.49037254,0.2521751,-0.8087859,False
597,0.89667034,0.7334182,-0.4265324,True
596,0.7214761,0.8090426,-0.5638813,True
595,0.60505295,0.691448,0.1985588,True
594,0.83728147,0.5125327,-0.28985822,False
593,0.90308213,-0.75281703,0.53414285,False
592,0.7688674,0.78079,-0.2961656,True
591,-0.97356176,0.40538287,0.26747608,True
590,-0.9808599,-0.97615695,9.007609e-2,False
589,0.46647358,0.77912116,0.18428874,True
588,0.26810932,-0.75834715,-0.93523073,False
587,-0.6557524,-4.5784235e-2,-0.43833685,True
586,7.317984e-2,-0.12057912,0.30460823,False
585,0.2906804,0.93435895,-0.7523415,True
584,-0.7056531,-0.16603923,-0.9959016,True
583,-0.28745222,0.19373477,-0.58129776,True
582,-0.4294721,-0.10936606,-0.11123574,True
581,-0.6387458,6.7438364e-2,0.85211563,True
580,0.7008599,0.7567022,-0.62394595,True
579,-0.59439623,-0.5276171,-0.54266083,True
578,0.9151697,-0.5010241,-0.9601257,False
577,-0.8773135,-7.3295236e-2,-0.34836936,True
576,-0.5583466,-0.8408824,-0.79580843,False
575,0.74402905,-8.351636e-2,0.5677762,False
574,0.13079405,-0.5434097,0.9228052,False
573,0.94923115,0.28318775,0.20149374,False
572,-0.16458869,-0.6188158,-0.21029735,False
571,0.4295789,0.4140855,-0.3111198,True
570,-0.38355315,0.23299241,-0.87906766,True
569,-2.6001811e-2,-0.52029204,-0.68494904,False
568,0.7377914,-0.462631,0.7867203,False
567,-0.19577086,-0.8068501,7.488716e-2,False
566,0.9397975,-0.1167531,-0.8461572,False
565,-0.8339968,-0.75066817,-0.9661522,True
564,-0.8027313,0.86878586,0.41530633,True
563,0.86670935,0.56785345,0.2000792,False
562,-0.1327405,0.4194957,-0.8828546,True
561,0.15726161,-0.85135114,-5.363083e-2,False
560,0.54713774,-0.71777093,0.5309521,False
559,0.79833186,-0.640368,-0.88739157,False
558,0.65759444,0.47136676,0.45861316,False
557,-0.62741137,-0.181808,-0.74940443,True
556,-0.3463174,-0.81340325,-0.8952416,False
555,-0.978075,-0.8900442,-0.83921957,True
554,0.2566365,-0.5205804,0.8875344,False
553,0.4080453,0.9343283,0.19283962,True
552,0.504388,0.1679765,-0.27848434,False
551,0.49510396,-0.22396922,0.72953117,False
550,-0.5488385,-9.712708e-2,0.941798,True
549,-0.5666883,-0.43284583,0.8334048,False
548,0.4808309,0.3413658,-0.8116838,True
547,0.39303756,8.243787e-2,-0.8519492,False
546,-0.2250799,-0.30891323,0.60754824,False
545,-0.744665,-0.95842636,0.9500425,False
544,0.5514841,-6.271398e-2,-0.24933362,False
543,0.18201327,1.0386944e-2,0.6426233,False
542,-0.15948665,0.69719875,-0.6313542,True
541,-0.779632,-0.49256206,0.73280346,True
540,-8.769238e-2,-0.38558805,-9.319711e-2,False
539,-0.84951675,-7.161701e-2,-0.50701547,True
538,0.49630272,-0.6911434,-0.271065,False
537,0.56633687,-0.33319044,-0.7159424,False
536,0.25929093,-0.42034125,-0.87722003,False
535,-0.41139865,-2.8418303e-3,0.42687678,True
534,-0.32579684,-0.75985503,-0.72973454,False
533,0.8493881,-0.7392765,0.14355302,False
532,-0.7953812,0.3438549,-0.4358498,True
531,0.31474924,-0.33298433,-0.3285023,False
530,0.6378137,0.9292809,-0.69427717,True
529,-0.89695036,0.76535857,0.42739928,True
528,-0.24344349,-0.7608646,-0.9280685,False
527,-0.18104327,0.99348044,0.7809688,True
526,9.617841e-2,-0.8785145,8.315027e-2,False
525,-0.34179842,0.6060808,-0.8103429,True
524,-0.26073968,0.96257246,-0.9181839,True
523,0.41702545,-0.26076627,-0.53590584,False
522,-8.465409e-3,0.6792643,0.82664347,True
521,0.4405868,0.1720978,0.13994193,False
520,-0.6642951,0.6012316,-0.5065503,True
519,-0.7774751,0.59294,-0.83410275,True
518,9.726858e-2,-0.8926184,0.74170065,False
517,-0.29441082,-0.8339547,0.7208407,False
516,0.29717565,-0.86088204,-0.49688578,False
515,-0.32836294,0.9883008,-0.46371007,True
514,0.14417994,-0.8482803,-0.3161193,False
513,0.77755296,-3.3082962e-2,0.29930437,False
512,0.9117762,0.2090025,-0.60889566,False
511,0.7336606,0.7962563,-0.4521351,True
510,-0.22292554,0.47923172,-0.23605323,True
509,-0.27090347,-0.8028048,-0.70290744,False
508,-0.32121575,-0.5580764,0.5765561,False
507,-0.23286903,0.90935695,-0.59763455,True
506,0.31998134,9.870708e-2,0.23707104,False
505,-0.6603118,-0.6659411,0.35867667,False
504,0.7968838,-0.5298717,-0.82405317,False
503,-3.186941e-2,-0.79655874,0.2281897,False
502,-0.7997514,-0.49263322,0.44137168,True
501,0.8664447,0.7872387,0.8527113,False
500,-0.36590874,-0.8442675,-0.82246876,False
499,2.3795366e-3,5.560994e-2,-0.41082907,True
498,-9.6397996e-2,-0.5189179,-0.5709431,False
497,-5.5993676e-2,-0.8544984,0.23881221,False
496,-0.39065135,0.678498,-0.8889649,True
495,-0.54274297,0.9331223,-0.76273596,True
494,0.24441004,0.10827184,0.2878437,False
493,-0.31766593,-0.80468285,-0.8733256,False
492,-0.44235766,-0.8673483,0.9460218,False
491,2.4202943e-2,0.566265,-0.33383214,True
490,-0.26545954,0.29741204,0.4211719,True
489,0.16212296,-0.47428274,0.38460457,False
488,0.38790357,-0.9473634,0.19997609,False
487,0.957718,0.2640952,0.3956939,False
486,0.91164327,0.8265921,-0.16118717,True
485,-0.43459857,0.64795005,-0.6459447,True
484,-0.6183355,-0.11638224,-0.8417634,True
483,-0.95458615,-0.5506382,0.1921506,True
482,0.52285564,-0.42860878,-0.6741195,False
481,-0.28176773,0.5649017,-0.38169336,True
480,7.484126e-2,-4.2934537e-2,0.99072707,False
479,-0.6231383,0.8345665,0.73739946,True
478,0.3006723,0.33764005,0.2738595,True
477,-0.5642946,-0.4924028,0.84039104,False
476,0.7535082,-0.6139183,2.9079437e-2,False
475,-0.9370644,0.92529523,-0.47104192,True
474,-0.43885636,-0.3224988,-0.10993993,True
473,0.43940794,-0.9056767,-0.1618501,False
472,-0.9707589,-0.49432528,0.61835206,True
471,0.25018787,-0.41211128,-0.72604966,False
470,-0.6443491,-0.47228026,0.5027859,False
469,-0.24642467,-0.3201183,-0.60333467,False
468,-0.854717,0.76942265,0.2256695,True
467,-0.2709551,-0.9571687,0.7880033,False
466,-0.7041073,0.68401265,-0.74446464,True
465,-0.74261916,0.15804625,0.88015497,True
464,0.9223732,-0.8376919,0.52934206,False
463,0.28160632,-8.4578395e-2,-0.20509887,False
462,0.35380006,0.22113574,-0.9410647,True
461,-0.61022973,-0.7309042,0.23579776,False
460,0.8607451,-0.72759736,-0.93115604,False
459,-0.6653563,-0.8358393,-0.97769225,False
458,-0.32128286,-9.095967e-2,-4.8754096e-2,True
457,-0.7354175,-0.70935714,-0.603636,True
456,-0.35061312,0.6529261,-0.2817042,True
455,-0.21266723,-0.12658453,0.64532375,False
454,0.26246023,-0.93750465,-0.19833815,False
453,0.32413816,0.6907121,0.6993983,True
452,-0.54702926,0.95877874,0.2806201,True
451,-0.32948697,0.87923145,-0.4976282,True
450,0.59525704,-0.5194832,-0.5815482,False
449,-0.3931105,9.8495245e-2,-0.236565,True
448,-6.756377e-2,-0.35478687,0.37702072,False
447,-1.91679e-2,-0.3635788,-0.13635588,False
446,0.97286236,0.8349564,-0.32317352,True
445,-0.9906173,-0.9572402,0.9680116,False
444,0.45394564,0.5412698,-0.8288096,True
443,-4.4244647e-2,-0.24990237,0.6944133,False
442,-0.7139944,-0.6636381,-0.9412086,True
441,-0.44961298,-0.49787474,-0.15825999,False
440,-0.1431371,-0.39599252,0.23122108,False
439,0.53539395,0.57441473,0.3012873,True
438,-0.445032,-0.3710283,-0.80150366,True
437,-0.75603735,-0.8923764,-0.79563737,False
436,-2.0378947e-2,0.74686337,-0.33139193,True
435,0.17829955,0.40663958,-0.6300112,True
434,4.3275833e-2,0.5279037,-0.95444167,True
433,0.8069432,-0.5507933,-0.4612764,False
432,-0.8868481,0.9997729,0.8705907,True
431,-2.1865487e-2,-0.70090175,0.7526095,False
430,0.531731,0.9490751,0.90495944,True
429,0.92931676,-0.8368776,7.672417e-2,False
428,0.35651088,-0.64848137,-7.008207e-2,False
427,-0.86975074,-0.91602266,-0.66283154,False
426,-0.45700383,-0.8799869,0.88582194,False
425,-0.71314895,0.4016627,0.93164384,True
424,-0.76468647,-0.6114093,0.2310915,False
423,0.54598606,-6.818783e-2,-7.2060585e-2,False
422,0.52600694,-0.9356226,0.19556594,False
421,-0.23742497,-0.62917876,-6.0142517e-2,False
420,0.52126396,0.16973567,2.1440864e-2,False
419,0.54560435,-0.25374293,0.38849974,False
418,0.9437108,0.85928035,-0.14099431,True
417,-0.8643074,-0.529755,-9.833932e-3,True
416,3.5972714e-2,-0.72959423,0.6244142,False
415,-6.135869e-2,-0.65872896,0.41782868,False
414,0.39876246,-0.14607024,0.95868206,False
413,-0.4647572,-0.9016024,0.18744981,False
412,-0.9789058,-2.7789712e-2,0.9277878,True
411,-7.636559e-2,0.976725,0.90086377,True
410,0.17790198,0.40523374,0.8077507,True
409,0.98174024,0.54290557,0.10120094,False
408,-0.42937613,-0.14704454,-0.8600668,True
407,0.6449027,-0.9454502,-0.11075759,False
406,0.2499646,-0.60949266,0.81591713,False
405,5.4294586e-2,-0.23349512,-0.26212335,False
404,-0.26946163,-0.6717627,0.5138891,False
403,-0.19730973,9.990108e-2,-5.702102e-2,True
402,0.51503897,0.85709226,0.92526746,True
401,-0.9477966,0.16744363,-0.9491614,True
400,-0.31963217,0.4457482,-0.9279554,True
399,-0.9333526,-0.100152016,-0.3736874,True
398,-0.4754809,0.18288207,-0.41731632,True
397,0.67740774,-0.33732307,-0.3407209,False
396,-0.5058483,-0.8604933,-0.5562712,False
395,-0.2929896,4.329586e-2,0.52821743,True
394,-0.16826296,-0.5801456,0.6913011,False
393,-0.91858494,-0.83870447,0.49428582,False
392,0.79615617,0.5420549,-0.56338143,False
391,-0.3346578,-6.6717744e-2,-0.48480356,True
390,0.73079646,0.40125346,0.23046601,False
389,0.8746387,-0.28744686,0.48133922,False
388,-0.64515424,0.5533619,0.67065096,True
387,-0.17847633,0.94115055,-0.74277747,True
386,3.8976073e-2,-0.7364687,0.6612792,False
385,0.4029988,-0.53247225,0.767086,False
384,0.60706854,-0.18402398,-0.98090553,False
383,0.40561366,-0.7802942,-0.55823994,False
382,0.8669019,-7.0773005e-2,0.2348795,False
381,4.488778e-2,0.26757002,-0.65880215,True
380,0.21489346,0.59650755,0.35050952,True
379,-0.35818577,0.9178114,0.6422955,True
378,0.7288388,0.9801241,-0.97824514,True
377,0.29568052,-1.779294e-2,-0.99562454,False
376,-0.6933466,-0.87672746,0.44241285,False
375,-0.89347076,-0.24121356,-0.74340606,True
374,-0.4136536,6.8285465e-3,-0.69108844,True
373,0.11434245,-0.8456905,0.26257873,False
372,0.90205216,-0.14028227,-0.32994723,False
371,0.62188995,0.26584685,-0.49651325,False
370,0.913434,-0.40029132,-0.35161817,False
369,-0.4123627,-0.72016203,0.2857474,False
368,0.7128067,-0.9285027,0.61801696,False
367,-0.7555449,9.088278e-3,0.96084166,True
366,-2.6436806e-2,0.88443875,0.18538809,True
365,0.9896772,0.35960686,0.638643,False
364,0.97200215,-0.9852698,0.7393806,False
363,0.23751509,0.24436486,-0.9386358,True
362,-1.38762e-2,0.8643185,0.3018998,True
361,0.22045267,-0.8748869,0.74098325,False
360,-0.1594162,0.6266043,-4.8708916e-3,True
359,-5.0706387e-2,0.934914,-0.25176847,True
358,-0.62841415,0.4079994,0.9363092,True
357,7.4611545e-2,8.029628e-2,0.7891487,False
356,-0.9732971,0.7288817,0.35610998,True
355,9.669411e-2,0.35221255,-0.6766355,True
354,0.68872404,-0.6237031,-0.7931216,False
353,-0.62412345,0.19725645,0.4919963,True
352,0.10433459,-4.414594e-2,0.52054834,False
351,-0.599347,-0.8106066,0.5037545,False
350,-0.19163477,0.2792778,0.820892,True
349,-0.51383615,-0.78145623,-0.27547455,False
348,0.30474007,-0.98399377,-0.5559443,False
347,-0.72538257,-0.3506198,1.7600775e-2,True
346,0.8212044,0.68922305,0.72783303,False
345,-0.27132785,-0.7777345,0.87556994,False
344,-0.39780164,-0.8230965,-0.39202094,False
343,0.23772061,0.28616977,0.9557339,False
342,-0.20755804,-0.49272227,0.909758,False
341,-0.105609894,0.9692993,0.74994445,True
340,0.3323294,-0.5653204,0.589556,False
339,-0.15275323,0.39969933,0.8702824,True
338,-0.7124677,0.6843146,-0.7288215,True
337,0.86750877,-0.81457627,-0.68954504,False
336,3.8376212e-2,-0.28534627,0.9136479,False
335,0.866325,-0.5091623,-0.43741965,False
334,0.68710136,0.89447105,-0.13984776,True
333,6.3642144e-2,-0.2783723,-3.7760854e-2,False
332,0.8912128,0.6492537,0.82429254,False
331,0.7956835,0.11402869,0.3104465,False
330,-0.7293594,0.2766831,0.40919304,True
329,0.2547983,0.59220445,0.2192558,True
328,8.583164e-2,0.56444573,0.96590936,True
327,-0.12340093,0.5652189,-0.3414626,True
326,-8.568466e-2,0.3653133,-0.14608467,True
325,0.47731328,0.593819,-0.7828649,True
324,0.39457393,9.700596e-2,-0.589026,False
323,0.59776044,-0.91922617,0.4916818,False
322,-0.2910099,0.88300407,-0.7933738,True
321,-0.78565466,0.5365206,0.14070165,True
320,-0.80263984,0.6866802,0.6641301,True
319,-6.776297e-2,0.67642367,0.3052374,True
318,-0.2206626,-0.4164822,-0.53632796,False
317,-0.6223738,-0.5764766,0.22115266,False
316,0.39918208,-0.9133065,-3.4962893e-2,False
315,0.9693116,0.7318026,0.44825494,False
314,-0.9099363,0.30922627,-0.10736275,True
313,-0.20046985,-0.28016722,0.8297578,False
312,0.6219623,-0.5320258,-0.612023,False
311,0.9455707,0.19444776,0.7736738,False
310,0.8311608,0.82818806,-0.600101,True
309,-0.3809191,-0.45217943,0.16312206,False
308,-0.6005466,-0.276088,-0.28603232,True
307,0.76700366,-0.8530688,-0.165627,False
306,-0.3005954,-0.6738703,0.28504097,False
305,0.587934,0.32039332,-0.5861168,False
304,-0.5043793,0.7833307,7.3462486e-2,True
303,-8.353829e-3,-0.21727455,0.52060497,False
302,6.872249e-2,2.8403759e-2,-1.4122367e-2,False
301,-0.1886692,0.78238845,-0.6261616,True
300,0.3525231,-0.26060855,0.51587343,False
299,-0.75426316,0.11317229,0.7415229,True
298,0.59098554,-0.21496701,-6.34321e-2,False
297,-0.9913167,-0.59178686,-0.8616054,True
296,0.98382425,-2.1811247e-2,-0.5709567,False
295,0.5496584,0.60627735,-0.5662341,True
294,-2.3750782e-2,-0.79276085,-5.4296374e-2,False
293,0.7860123,-0.37477458,-0.5632732,False
292,-0.9675164,4.148841e-3,-0.8772224,True
291,-0.79369295,-0.75399685,-0.26699483,False
290,0.3280666,0.6339965,-1.3327122e-2,True
289,0.6598201,-0.6698588,0.25942624,False
288,-0.89856577,0.1842128,-0.22217274,True
287,-0.8314022,-0.24464095,2.142334e-2,True
286,-0.3864733,0.57214665,-0.39872634,True
285,0.7000531,0.23037434,0.8192519,False
284,-0.12099159,0.35550523,-0.6817392,True
283,-0.7515447,0.4901476,0.73738694,True
282,-8.3663225e-2,-0.22791755,-0.31867683,False
281,0.98456657,0.6047164,0.9517189,False
280,0.18175185,0.41111815,9.0364814e-2,True
279,-0.75170326,0.81711555,-4.1871548e-2,True
278,0.93517697,-0.8605963,0.78388417,False
277,-2.1326065e-2,0.118436575,-0.9924859,True
276,0.53523123,0.9686979,0.21929526,True
275,-0.98965263,0.23955262,0.41126382,True
274,-0.56087124,0.8731996,-0.24083519,True
273,2.4858594e-2,5.7501793e-2,0.52563584,False
272,-0.6841091,-0.3093803,-0.9135581,True
271,0.20834124,0.16816378,-4.3790102e-2,True
270,0.34394836,4.971683e-2,-0.48637974,False
269,-0.63818455,0.36091852,0.15663016,True
268,9.153116e-2,-0.123443246,-0.333189,False
267,-0.86483836,-0.35347295,0.8780645,True
266,0.94471216,0.52507925,-0.6625036,False
265,-0.73763454,-0.9536965,-2.4030924e-2,False
264,0.8757975,0.95184577,0.7191595,True
263,-0.3794582,0.89710736,0.9282762,True
262,-9.66835e-2,-0.22654927,0.7523781,False
261,-0.7711798,-0.37018466,0.7360774,True
260,-0.9982796,-0.41145313,-0.14521825,True
259,0.9545734,7.2246075e-2,-3.9237857e-2,False
258,0.5178962,-0.722656,-0.25621724,False
257,-0.9716754,0.70301104,-0.47797954,True
256,-9.259963e-2,0.9031583,0.84407544,True
255,-0.21185803,-0.6796274,-0.56780124,False
254,-0.18866217,-0.92322123,-0.42291057,False
253,9.940863e-3,0.19034445,0.34247816,True
252,-0.32023013,0.110942364,-0.43614852,True
251,-0.9054581,-0.8369281,-0.10055971,False
250,-0.3866017,-0.69551826,0.75940895,False
249,-0.5020282,0.10318303,-0.9483321,True
248,0.21890926,0.9405726,-0.2772708,True
247,0.7860882,0.42339408,-0.67002404,False
246,-0.31534743,0.26077104,-0.5767783,True
245,0.16745031,-0.8297839,0.28982306,False
244,0.3501345,6.677961e-2,-0.41393518,False
243,0.3090223,0.23727739,-0.9848608,True
242,-0.6495476,0.6810101,0.7960737,True
241,0.6106303,0.24392056,0.64513886,False
240,-0.12990189,9.9653006e-2,0.96901965,True
239,-0.63359606,0.6449816,1.6157985e-2,True
238,-0.24900591,0.9119617,-0.9537672,True
237,-0.7901372,-9.9086165e-2,2.5316477e-2,True
236,0.93205035,-0.4597783,-0.1740756,False
235,-6.5023184e-2,0.50479555,-0.16218936,True
234,9.969926e-2,-0.2612915,0.82847905,False
233,-0.20271754,0.5034689,-0.37225246,True
232,-7.108295e-2,0.89329624,-0.5076711,True
231,-0.34357953,-0.9380715,0.76910067,False
230,-0.87910855,4.781246e-3,-0.49637043,True
229,0.34700537,0.29750228,0.7497877,False
228,0.3732338,0.61937857,0.53655887,True
227,-0.3013451,0.9352944,0.6890464,True
226,-0.46516287,-0.33385396,-0.87667215,True
225,-0.7673514,0.30666304,0.18329811,True
224,-0.950488,0.794881,-0.70501065,True
223,-0.50344396,0.25675428,-0.1118561,True
222,-0.642254,-0.4107585,0.417894,True
221,0.18425918,-6.831241e-2,-0.6396214,False
220,0.5807239,-0.2060436,-0.8702674,False
219,-0.38816082,-0.4102403,-0.398309,False
218,0.4070971,0.52073,0.52151155,True
217,-0.26466227,-0.45303774,0.3328395,False
216,-0.5281726,-0.9472412,-6.88405e-2,False
215,-0.9643731,0.45708346,0.502236,True
214,0.7115054,-0.14695346,0.72421455,False
213,0.75110984,0.8490076,0.23545945,True
212,0.51302516,-0.7943945,-0.20331371,False
211,-0.76462543,-0.16637337,0.7420436,True
210,-0.9798602,-0.6759416,-0.88548315,True
209,-0.41329765,0.77885866,-0.25247324,True
208,-0.56925714,-0.51865673,0.34758997,False
207,6.4976335e-2,0.39599073,0.9883734,True
206,1.5427828e-2,0.35236228,-0.31213057,True
205,0.5226718,6.1786056e-2,0.73929906,False
204,-0.6766747,0.18292773,-0.119390845,True
203,-0.8685031,0.36420858,0.84545434,True
202,0.9524685,0.78271925,0.8026817,False
201,0.28939414,-0.7841749,-0.33192742,False
200,0.33841217,-0.58907306,6.0935855e-2,False
199,-0.9802954,-0.61498487,-0.14609802,True
198,0.39583945,-6.637013e-2,-0.8979591,False
197,-0.41526365,-0.53650296,-0.49172366,False
196,-0.8633237,-0.94611263,-0.2636124,False
195,-0.21661603,0.6414521,0.5632802,True
194,0.46693838,-0.7523601,-0.92547226,False
193,-0.18199778,0.687485,0.84662485,True
192,-0.75781894,-0.5187471,0.7257867,False
191,0.4209299,-0.5460205,0.91582763,False
190,0.5486897,-0.52746165,0.16723514,False
189,0.889274,1.7652154e-2,-0.94500566,False
188,0.5595844,0.20277488,0.93034256,False
187,0.94577074,0.39977503,0.45202422,False
186,0.9741316,-0.96034026,-0.63609624,False
185,-0.98673356,-0.23013437,-1.0605693e-2,True
184,0.4242226,0.59935474,-0.17397892,True
183,-0.8840258,0.74887085,-0.116852164,True
182,-0.7744,-0.5508591,-0.9622413,True
181,-0.13188267,-0.46272993,-0.78538215,False
180,-0.6662185,-3.215754e-2,0.90266657,True
179,0.52278066,0.30725896,0.740183,False
178,-0.43659687,-0.3394854,-0.71825266,True
177,-0.21687245,-0.304834,-0.9985988,True
176,-0.9224521,1.242578e-2,4.4308186e-2,True
175,4.1719913e-2,0.44088233,-0.39310884,True
174,-7.7715635e-2,-0.29780757,0.12315309,False
173,0.23992693,-0.68901443,-0.5345223,False
172,-0.23732984,-0.65553486,-0.424217,False
171,0.5763291,0.513855,-0.7341918,True
170,-0.18646479,8.970976e-3,-0.960055,True
169,-0.14815795,-0.42941666,-0.93274176,False
168,8.887863e-2,0.85248697,0.9508482,True
167,0.88459194,-0.7145966,0.111287475,False
166,-0.8043113,0.7443825,-0.8864707,True
165,-0.99268055,0.74762595,0.49164653,True
164,-0.56291604,0.80744934,0.9377134,True
163,-0.47413063,0.61377656,0.72215235,True
162,0.76176286,0.37195468,-0.46450174,False
161,0.6210606,0.45007372,0.546656,False
160,0.38836765,0.85682046,-0.48110867,True
159,-0.70732236,-0.23576593,5.1255226e-3,True
158,-0.18693805,-0.7911866,0.9255053,False
157,0.5607085,0.2931695,0.9413005,False
156,-0.19437659,-0.5400902,-0.36269248,False
155,0.41866815,7.0788264e-2,-0.30891967,False
154,-0.47188544,0.6267804,0.5944154,True
153,-0.62860346,-0.6978253,0.26130652,False
152,0.3967924,-0.6640339,-0.16957629,False
151,0.43668985,0.36903286,0.9908136,False
150,-0.43443716,0.2073927,5.064535e-2,True
149,5.857706e-3,0.18847823,-0.65982604,True
148,-0.782779,-2.6086092e-2,0.4784621,True
147,0.43802464,-0.13758326,2.6656628e-2,False
146,0.7793535,-0.113354445,-0.33295536,False
145,0.86420333,-0.5311959,-0.5130118,False
144,-0.8458735,0.51659775,0.40625536,True
143,-0.8063245,-0.81365025,-0.2390939,False
142,0.46932185,0.73325396,0.650741,True
141,0.82483006,0.78917456,0.24368227,True
140,-0.78573835,0.8703997,5.711913e-3,True
139,-0.11765194,-0.3044057,0.13934207,False
138,-0.5641345,-0.7706677,-0.11330962,False
137,0.4167446,0.4098475,0.41646194,False
136,0.8286203,0.51169956,7.287264e-4,False
135,0.27166426,0.37836635,-0.19064343,True
134,0.4195906,0.55982804,0.618016,True
133,-0.86191845,-0.61574316,0.30790138,True
132,0.24706769,-0.9550214,-0.2879933,False
131,-0.8201225,0.62508893,0.4552771,True
130,-0.81336224,0.62114644,-0.73168373,True
129,0.11688244,0.26840818,-0.37263274,True
128,0.120803714,-0.73916256,-3.930497e-2,False
127,5.5671453e-2,-0.21439993,-0.41756332,False
126,0.52352035,0.5464704,-0.11328423,True
125,0.42150807,-0.1473074,-0.7630768,False
124,-0.19995058,-0.63124704,0.10580921,False
123,6.482601e-3,-0.5660479,0.74463236,False
122,0.30206,-4.350519e-2,-0.5568793,False
121,-0.6957545,-0.50762475,0.30555987,True
120,0.3265717,0.64191186,-0.27322876,True
119,0.5440136,-0.437019,-0.2556615,False
118,-0.67142904,-0.76594055,0.86740935,False
117,-0.85528016,0.8370756,-0.54785526,True
116,-0.114531875,0.5577221,-4.6193004e-2,True
115,-0.5369072,0.13048792,0.61249113,True
114,-0.13940728,0.610976,-0.9160781,True
113,-0.58658576,-0.9583491,0.979826,False
112,-0.11376023,0.14611149,-0.6130183,True
111,0.41124797,7.592213e-2,-0.3954587,False
110,0.6486558,0.4892993,-0.16732872,False
109,0.2417785,0.98426855,0.20496118,True
108,-0.937389,-0.9855671,-0.80386007,False
107,0.69472516,7.943189e-2,0.9994099,False
106,0.81571555,0.5030656,0.7471279,False
105,-7.908547e-2,-7.709777e-2,0.99905026,False
104,-0.8563708,-0.7078347,-0.10636711,True
103,0.9387672,-0.12803149,-0.5799309,False
102,-2.892816e-2,0.3495916,0.43896282,True
101,3.934872e-2,0.4318025,-0.52436864,True
100,-9.578872e-2,0.59351027,-0.59769404,True
99,-0.37559915,-0.8439306,0.2651316,False
98,-0.99905384,-0.17776573,-0.6626488,True
97,-0.41171646,-0.7422762,2.1721244e-2,False
96,-0.32109344,-8.4700465e-2,0.25231254,True
95,-0.39926445,-4.6599746e-2,-0.43444347,True
94,-3.019774e-2,-0.88504255,-0.64475846,False
93,2.9718876e-3,0.14358222,-0.7206557,True
92,-0.7411673,0.6356623,-0.6120157,True
91,-0.79502904,0.20887351,-0.7070718,True
90,-0.2901615,-0.5649648,0.7483077,False
89,-0.3537761,0.62513363,-0.97192585,True
88,-0.65398467,0.21633303,-0.12228322,True
87,0.5576309,0.39930642,0.43072462,False
86,0.73134243,-0.4004898,0.41089082,False
85,-0.97509503,-0.15954232,-0.49973714,True
84,-0.98354614,0.7959261,0.20034266,True
83,-0.8321841,0.33521593,0.93855274,True
82,-0.29247653,-0.3812734,-0.74624217,False
81,0.3403263,0.490533,0.27154136,True
80,-0.47421193,0.63703156,6.2874675e-2,True
79,-0.6536386,0.2921312,0.6752564,True
78,0.31300557,-0.12214899,-0.7805985,False
77,-0.53790724,0.46409738,0.2800182,True
76,-2.5740743e-2,-0.8371384,0.58428776,False
75,0.4408021,0.50672317,-0.5925844,True
74,0.5329591,0.15388513,-0.3027929,False
73,-0.37934136,-0.55377126,0.61589277,False
72,-3.5336375e-2,0.28604114,-0.9546772,True
71,0.76803267,-0.2194879,-0.69057834,False
70,-0.13582456,0.70659935,-0.528885,True
69,-0.5654212,0.6700872,0.8370693,True
68,-0.8111762,-0.7488164,0.7165296,False
67,-5.8035493e-2,0.4617076,-0.6321415,True
66,0.18974268,-0.5005518,0.20310271,False
65,0.1249311,-0.83915806,0.669263,False
64,-0.41388452,-0.6863601,0.60900545,False
63,-0.509846,-3.5043e-2,-0.3478396,True
62,0.6032857,-0.19404304,0.2621112,False
61,0.8641857,-0.70003736,-0.9371358,False
60,0.5131352,-0.25142598,-0.33577228,False
59,0.81658256,0.3851502,0.55052817,False
58,0.8838575,0.3505665,0.44246244,False
57,0.28570735,3.5039425e-2,-0.13707042,False
56,0.80244803,0.79057956,-0.16944242,True
55,-5.0162077e-3,-6.925368e-2,-0.632715,True
54,0.32050288,-0.6423037,-0.31330597,False
53,0.67082155,0.23729026,0.24430513,False
52,0.6270665,0.9076474,0.15539646,True
51,0.53163373,-0.7436192,6.585419e-2,False
50,-0.12017441,-0.19016254,-0.8183173,True
49,0.53397024,0.5030513,-0.80923307,True
48,0.7509663,0.27510047,9.414625e-2,False
47,-0.8255228,0.82939494,0.97631025,True
46,0.98363435,0.5941951,0.6626266,False
45,0.8153311,-0.35663688,0.6158689,False
44,-0.76973724,0.8167325,0.8903811,True
43,-0.7990465,-8.856809e-2,-0.10714865,True
42,0.51496494,-0.11694062,-0.6190454,False
41,0.21565282,-0.343516,-0.39360058,False
40,0.8832036,0.49026144,-0.30157554,False
39,-0.2171135,0.18072653,-0.2035532,True
38,-0.79986894,-0.3336928,0.94076097,True
37,0.39080155,0.6474503,3.4730792e-2,True
36,-0.19679523,0.30769444,0.7129749,True
35,0.7498845,-4.865229e-2,-0.7647275,False
34,2.2694945e-2,0.16584015,-0.89784837,True
33,0.9800011,-0.8619051,7.232237e-2,False
32,-8.117747e-2,-6.978238e-2,0.50595653,False
31,-0.42533445,-0.47933388,0.6224927,False
30,0.44004822,0.9684671,0.21796739,True
29,-0.6438204,0.29302526,-5.4893732e-2,True
28,2.0117521e-2,0.16359818,0.9027034,False
27,-0.4660437,-0.6723317,-0.64870393,False
26,0.7770084,0.80144787,-0.795575,True
25,0.517342,-2.0435452e-2,0.53864837,False
24,0.8233899,0.6755855,0.76933825,False
23,0.7382474,0.18271422,0.3204,False
22,4.4106245e-2,0.3861097,-0.8824687,True
21,0.3416692,-0.9392984,9.3509436e-2,False
20,0.84480655,0.46512043,1.7009974e-2,False
19,-0.2505355,0.10842562,-0.90322304,True
18,-0.45689976,-0.79944265,-0.46055675,False
17,-0.26758802,-0.66849303,-2.6099682e-2,False
16,0.52464116,-0.38037217,0.332443,False
15,-0.4771843,0.2850628,0.29699373,True
14,0.91788065,-0.49297392,-0.27909207,False
13,0.32155442,-0.7524172,-0.9554312,False
12,0.28626406,0.60005164,-0.6315799,True
11,-0.49260068,0.18059337,0.3792454,True
10,0.6982554,0.9535115,-0.64619875,True
9,0.26407444,-0.8871536,0.7281457,False
8,-4.326105e-2,4.5936823e-2,-0.97121274,True
7,0.57143116,0.32765508,2.2319913e-2,False
6,-0.2642746,0.20166612,0.45832682,True
5,0.6386738,-0.87284565,0.35192883,False
4,0.823467,-0.6347208,0.4445753,False
3,-0.8278556,-0.790607,0.32604825,False
2,-0.953694,0.6514187,-0.76429105,True
1,0.25417197,-0.68226206,0.50477946,False
0,0.25345027,3.4995675e-2,0.17604983,False
