999,0.43238568,-0.18861091,-5.5733085e-2,False
998,-0.8300204,0.78054214,-0.8703954,True
997,-0.47721577,-8.4013104e-2,-0.7622361,True
996,-0.359733,0.18476391,0.9853289,False
995,-0.92551434,-0.8635459,-0.22183383,False
994,-0.7637911,-0.2930994,-0.97742987,True
993,-0.25016356,-0.71230865,0.51698303,False
992,0.11300182,-0.20445788,0.83458817,False
991,-0.5098995,0.9285997,0.76185155,True
990,-0.55870044,-0.7969228,-0.47888505,False
989,-7.068539e-2,0.12502527,-0.7756698,True
988,-0.221071,0.40569365,0.27527082,True
987,-0.89196455,-0.62394524,-0.8620466,False
986,0.13526845,0.4395678,0.6181526,False
985,-0.8671342,0.31300092,-0.60990345,True
984,0.77302885,0.61061215,0.4732617,True
983,0.445094,0.20630765,-0.39947796,True
982,0.70888495,-0.66137743,0.10148251,False
981,0.26726377,0.61118925,0.35465586,True
980,-0.5959277,0.3813535,-0.81622195,True
979,0.16590846,-0.43133402,0.99857557,False
978,-2.9732943e-2,-0.99051976,0.6827127,False
977,-0.37546778,0.8631778,-0.7344806,True
976,-6.1699748e-2,-0.2826028,5.2326083e-2,False
975,0.526706,0.749153,0.5111257,True
974,-0.115542054,0.75854146,-0.6365186,True
973,8.420217e-2,0.2506783,-0.7878351,True
972,0.22670734,0.85671484,0.6961727,True
971,0.86584175,0.8403026,-0.15563786,True
970,-0.2006563,-0.36915743,-0.84265745,True
969,-0.5494913,0.1596291,-0.13617957,True
968,-0.65019643,-0.3054446,0.1916802,False
967,0.72359324,-0.19056082,-0.5128765,True
966,0.88575053,-0.12091529,0.63550425,False
965,0.82806814,0.10162473,-0.41583753,True
964,0.7636539,0.29848552,-0.10884035,True
963,-0.10476887,-0.35687923,0.33029664,False
962,-0.918717,-0.86040163,8.769035e-3,False
961,-0.17879939,-0.26900625,-0.43235457,True
960,-0.20515811,-0.35391152,0.93109536,False
959,-0.90860116,-0.6182624,0.13539231,False
958,1.8475652e-2,0.11307192,-0.16371393,True
957,0.547024,-0.9715446,0.65943646,False
956,0.85537434,-0.79300237,0.42134166,False
955,0.66500306,-0.31968427,-0.8708855,True
954,0.92309725,0.79881203,-0.3108163,True
953,-0.14736581,0.15287006,-0.40359223,True
952,0.3474015,-0.23641276,-0.7546425,True
951,-0.9669491,1.3548374e-2,-0.11264551,False
950,-0.8642248,-0.41411173,0.40870094,False
949,-0.2553078,-0.61398077,-0.60254526,False
948,-0.9407295,7.000065e-2,-0.14334619,False
947,0.8483156,0.25682497,0.3064164,True
946,-0.7104819,0.75469434,0.5929749,True
945,1.2568235e-3,-0.5860987,0.8906095,False
944,0.31475925,-0.44320357,0.6197156,False
943,-0.3082621,0.5827683,-8.095837e-2,True
942,0.92388844,-0.33806312,0.3791411,False
941,0.3983184,0.8226595,0.23230422,True
940,0.22156322,-7.281184e-2,-0.2147274,True
939,-0.17771447,0.9583962,0.33030438,True
938,0.51161814,0.79144657,-0.78231657,True
937,0.9445888,-0.2900375,0.3857534,False
936,0.77905166,-0.92523515,-0.34556425,False
935,-0.5592576,-0.12853515,0.42566526,False
934,0.6662178,-0.95930636,0.87189865,False
933,-0.5181073,2.1525621e-2,-8.364117e-2,False
932,-0.9693668,-0.58202636,0.8715036,False
931,-0.97936046,0.97805643,5.699718e-2,True
930,-0.5106138,0.44283366,0.36336803,False
929,0.63694835,-0.77711916,0.31155312,False
928,-0.4782263,0.6411582,0.8298391,False
927,-0.25259995,-0.3006704,0.105069995,False
926,-0.6721474,0.8614204,8.6129546e-2,True
925,0.2210195,0.7122035,-0.9915142,True
924,0.29288208,0.6232029,0.5250063,True
923,0.37003732,0.688503,-0.5773603,True
922,0.35688174,0.41262615,-0.24842525,True
921,-0.63865864,-9.3973875e-2,0.63077617,False
920,0.47500753,-0.42305028,-0.94915164,True
919,0.89213336,0.93300116,0.37490916,True
918,-6.638718e-2,-0.74156094,-0.8765017,True
917,0.7033651,0.8706535,0.42315745,True
916,-0.84945357,-0.43624592,-0.5533961,False
915,-0.4290123,-0.24023032,0.818342,False
914,0.86709106,2.1930933e-2,0.9758036,False
913,-9.82393e-2,-0.44637525,-0.5029503,False
912,0.65004873,4.1812897e-2,0.99882245,False
911,-0.20094585,-0.6158534,-0.7081357,False
910,0.3768947,0.8926432,0.69025064,True
909,0.74976826,-1.5250087e-2,0.73879576,False
908,-0.941993,-0.16175056,-0.17816496,False
907,0.5856497,-0.6276375,-0.49434376,False
906,-0.48620856,1.8920898e-2,-0.9200202,True
905,0.7232537,0.3594463,-0.8996879,True
904,-0.27283514,-0.45711434,0.11512697,False
903,0.678336,0.96903515,-0.57528234,True
902,-0.66528285,-0.17774343,0.52512133,False
901,0.688149,-0.3997228,0.3848518,False
900,-0.7238016,-0.21709478,0.16759944,False
899,-0.108873844,-0.2717017,-0.49393547,True
898,-0.3860098,-0.10252726,3.433478e-2,False
897,0.15807569,0.4254322,-0.15283799,True
896,0.41808474,0.8717902,-0.10756767,True
895,-0.904122,0.83633184,0.5780004,True
894,-0.76095426,-0.13193917,0.27357364,False
893,-0.5733681,-0.79224396,-0.7736745,False
892,-5.125463e-2,0.40132833,-0.9565884,True
891,-0.49527526,0.864007,0.27219808,True
890,-0.8660891,-0.49455476,-0.22520351,False
889,-0.8125135,0.9611465,0.5894977,True
888,0.38113463,-0.97739184,0.36651182,False
887,-0.9314339,0.93046165,-0.5514834,True
886,0.6028459,0.28707683,0.10884035,True
885,-0.9825522,1.794076e-2,-0.8105813,True
884,0.8293098,-0.106695056,-0.30290556,True
883,0.7150384,0.24591184,8.329272e-2,True
882,1.8007278e-2,0.9681401,0.3662126,True
881,-0.64188874,0.89530015,-0.377846,True
880,-0.2807356,-0.8516644,-0.18159139,False
879,-0.41209173,-0.825621,5.7236195e-2,False
878,0.50842905,-0.3108946,0.3118558,False
877,0.30738723,-0.5259472,0.34433734,False
876,-0.46248853,0.29445064,0.59795475,False
875,-0.8426292,-4.781115e-2,0.60346353,False
874,-0.5615345,0.36559033,-0.669525,True
873,-0.5660864,0.3984964,0.273013,True
872,0.67325366,0.72774696,-0.42272055,True
871,-0.87832785,0.24330318,-0.4269067,True
870,-0.297693,0.95521474,-0.65284884,True
869,-0.3694216,-0.47938287,-2.7787328e-2,False
868,0.5801687,-0.17469537,0.2941625,False
867,0.9216708,0.71798027,0.8585851,True
866,0.3659098,-0.39995515,-0.50535405,True
865,0.4636544,0.54991853,-0.9478191,True
864,0.40956533,-0.46575952,-0.37717414,False
863,-6.487262e-2,0.23991966,-0.17344677,True
862,-0.70008886,-0.9241047,-0.12888885,False
861,-0.39540493,0.33614326,-8.8454485e-3,True
860,-0.95018196,-0.14561462,-0.65940464,True
859,-0.45360744,-0.22021163,-0.5254296,True
858,-8.91484e-2,-0.8133271,0.4965247,False
857,-0.30118215,0.43085027,0.70589113,False
856,-0.50364983,-0.85570514,-0.9848826,False
855,0.13063848,-0.24652457,0.14997244,False
854,0.66180146,0.73277354,-0.28441572,True
853,-0.8164855,0.820776,-0.6509303,True
852,0.66809034,-0.7927669,-0.1020869,False
851,0.19951081,0.57761204,-0.41891718,True
850,-0.9681754,-0.11725998,-0.6520494,True
849,0.117729545,0.22316241,0.7525879,False
848,-0.5074804,0.110423446,-0.97063434,True
847,0.74824166,-0.11589122,-0.11035395,True
846,-0.16784918,0.22550929,0.53935385,False
845,0.6391517,0.17078543,-4.8557878e-2,True
844,0.9983392,4.018426e-3,0.7730807,False
843,0.70411277,-0.9337698,-0.6062776,False
842,0.30677056,0.8530272,-0.66074157,True
841,-0.87806094,-0.9698777,9.0593815e-2,False
840,-0.31754422,0.39033663,-0.20356047,True
839,-0.47955322,0.7465131,0.6434058,True
838,-0.72293484,-0.36233366,-0.27462792,False
837,0.45515156,0.2570325,0.72049606,False
836,-0.85351515,-0.69859934,0.92044437,False
835,-0.6801046,-0.32210755,-0.6675123,True
834,0.811255,0.9296968,-0.7445849,True
833,-0.5729027,-0.57599497,0.18692076,False
832,-0.16989172,-0.7366488,0.5189227,False
831,0.46097863,0.14750421,0.12409973,True
830,-0.6508899,0.8585267,0.46787143,True
829,0.9589721,0.6318122,-0.26832914,True
828,-0.71703076,-0.85342443,1.1763334e-2,False
827,-0.26471865,-1.2562633e-2,-0.90945303,True
826,0.42024326,0.5173546,0.39799464,True
825,0.4316479,-3.7259102e-2,-0.47264934,True
824,0.93666387,0.48800528,-0.34880447,True
823,-0.89931107,0.4551326,0.109253526,True
822,-0.80009806,0.69695544,-0.7974595,True
821,-0.706849,-0.21980953,-0.45826912,True
820,-0.7878405,-0.55058956,-2.4528384e-2,False
819,-6.889105e-4,-0.40124333,0.8528516,False
818,0.67502105,0.7735084,0.31672966,True
817,-0.106126785,-0.19096208,-3.9168835e-2,False
816,-0.8094286,0.1094445,-0.19694996,True
815,0.5892328,0.122724295,0.41842508,False
814,-0.8512888,-0.117723346,-0.54587615,True
813,0.9585936,-0.36190605,-0.8082994,True
812,-0.45986986,-0.9445567,-0.33921373,False
811,0.5988989,-0.94563353,0.2961794,False
810,0.48361385,-0.8518497,-0.7816769,False
809,-3.383982e-2,-0.16258872,0.21794617,False
808,-0.37224507,-0.67622674,-0.31889665,False
807,0.81947863,6.49271e-2,0.63469565,False
806,0.7282828,-0.32209003,-0.85197127,True
805,-0.22827935,4.2431712e-2,-0.40735805,True
804,-0.6169671,-0.7467015,-0.4088776,False
803,-0.5668571,0.51548946,0.94133115,False
802,-7.996082e-3,-0.4766407,-5.2247047e-2,False
801,-0.10064149,-0.7310387,5.4658532e-2,False
800,-0.82070696,0.37700796,0.16211736,True
799,0.9808929,-0.22673357,0.7337414,False
798,-0.65722215,-0.32454336,-0.38720596,False
797,0.2287376,-0.5323771,0.29563713,False
796,-0.61859405,-9.382582e-2,-0.5809479,True
795,0.19286048,-0.84633636,-0.97308517,True
794,-0.7176069,0.9095285,0.71081674,True
793,-0.6017475,0.57682836,0.9562657,False
792,-0.1887765,0.54873896,0.76680624,False
791,0.820191,-0.355888,0.7672999,False
790,9.672594e-2,0.40006006,-0.7207757,True
789,0.17795289,0.20724177,0.602327,False
788,7.3274136e-2,0.21430409,0.64604974,False
787,0.36939323,-0.2981888,-0.9292234,True
786,0.2032075,-9.421039e-2,0.9041264,False
785,0.6728481,-0.35158086,0.4029541,False
784,-0.11886597,0.75274754,-0.40975082,True
783,5.0546765e-2,0.23802781,0.96796787,False
782,0.42599416,0.44518292,0.12659192,True
781,0.4775045,-4.1918516e-2,-0.5270735,True
780,-0.8853985,-0.90848994,0.21759498,False
779,0.7643814,0.71154547,-0.9506434,True
778,0.46675146,0.25787807,-0.4552821,True
777,-0.791348,-0.7304013,1.3418198e-2,False
776,-0.30400753,-0.9451072,-0.39069092,False
775,-0.9094968,-0.7912389,-0.93213046,False
774,-4.1515946e-2,0.55642736,0.87653697,False
773,-0.37092125,-0.9275553,-0.49895263,False
772,-0.5996152,0.4328084,-0.442114,True
771,-0.98882735,-2.0050645e-2,-8.9957e-2,False
770,-0.8922987,-7.5271845e-2,-0.72042525,True
769,6.355727e-2,0.45841372,-0.23038495,True
768,-0.20833778,0.8234428,0.5805112,True
767,-0.54406524,-0.8254148,-0.78634787,False
766,0.25168848,-0.32625937,0.4736774,False
765,0.6999718,0.9648346,-0.18285859,True
764,-0.47876716,0.6934296,-0.28095865,True
763,0.8451638,-0.87027097,-0.384228,False
762,0.48237944,-0.68627095,-0.59988904,False
761,-0.16028798,-0.45892406,-6.772256e-2,False
760,0.7367542,0.26277673,-0.728433,True
759,-0.17205656,0.78473985,-0.5511364,True
758,-0.5746907,-0.754586,0.88277626,False
757,0.91530144,0.54649365,0.3385613,True
756,0.6284921,0.634464,0.3204311,True
755,-0.32935667,-0.93019676,0.10768688,False
754,-0.11117709,0.7760345,2.1617174e-2,True
753,-4.082644e-2,0.541715,-0.29766524,True
752,0.13637447,0.5792308,-0.2593261,True
751,-0.9429724,0.48626542,0.6484318,False
750,0.4345696,0.544073,-7.970095e-3,True
749,-4.7522426e-2,0.7361783,0.28494823,True
748,0.71648777,0.25267458,0.564307,False
747,-0.19589055,-0.7466767,-0.3399303,False
746,0.10674727,-0.117192626,0.3777356,False
745,7.277465e-2,0.59074104,0.29215586,True
744,0.78750896,0.8444884,0.7938287,True
743,3.3890605e-2,0.24481249,-0.61648846,True
742,-0.4602965,0.90543723,-0.44633698,True
741,7.321024e-2,-0.19817543,-0.27255416,True
740,0.59807944,7.752812e-2,0.2236005,True
739,0.6582813,-9.246302e-2,-0.3183452,True
738,0.9774841,0.89910734,-0.4450816,True
737,-0.70571744,-0.26343977,-0.54612243,True
736,0.5898068,0.42423546,-0.44802558,True
735,0.39679956,-0.1987946,-0.18499315,True
734,0.30216646,0.2126987,-0.8131279,True
733,0.7060523,-0.43373442,-0.5293703,True
732,5.6661725e-2,0.9152076,-0.8927909,True
731,4.881406e-2,-0.24015796,-0.66215014,True
730,0.46375632,-0.31524122,0.8566048,False
729,-0.16068172,0.8456409,-0.36015856,True
728,-0.2437551,2.2460818e-2,-0.54430914,True
727,0.59660006,-0.23837352,5.701208e-2,False
726,0.22420144,-0.1649394,-0.36409867,True
725,-4.1993618e-2,-9.2538e-2,-5.0818563e-2,False
724,0.35731375,0.50385535,-0.16488802,True
723,-0.20049894,0.16179872,-9.620106e-2,True
722,0.25677454,-0.5501294,-0.19033945,False
721,-7.034457e-2,-0.4200747,-0.16949618,False
720,0.8958951,-0.28401434,-0.608034,True
719,-0.3372252,-4.568994e-2,-0.3280759,True
718,0.16719317,0.8616811,0.62846756,True
717,-0.8180728,0.5591533,-0.9103339,True
716,-0.8472091,0.847574,0.24268472,True
715,-0.19296813,-0.19824862,-0.88770854,True
714,-0.38611448,-0.55853367,0.76713,False
713,-0.96516585,0.713549,0.7506465,False
712,-0.8486488,2.1810412e-2,0.8634583,False
711,4.7671437e-2,0.98404074,8.962226e-2,True
710,-0.83696723,0.38620055,0.5512638,False
709,-0.4563378,-0.74167407,0.46323335,False
708,3.967285e-3,0.9175844,0.594002,True
707,-4.3252707e-2,-0.26826525,-0.92529726,True
706,-0.2234168,0.171121,-0.46842265,True
705,0.45487952,-0.4176619,0.49326408,False
704,0.9558892,0.4370141,0.700415,True
703,0.45700932,0.28729212,-0.9407047,True
702,0.97407675,0.9226663,0.964396,True
701,-0.61010814,2.8005838e-2,-0.7729573,True
700,-0.3431716,0.77476454,-6.253266e-2,True
699,-0.9115604,-0.15640259,0.740451,False
698,-0.73810923,-0.25508308,-0.4397372,False
697,-0.6200874,0.59561384,-0.55192184,True
696,0.7677556,0.64801943,0.882879,True
695,0.40839517,-0.17419136,-0.42182708,True
694,0.13473916,-3.6932945e-2,0.93258166,False
693,0.39701188,-0.9737458,0.41427088,False
692,0.8876717,8.6518764e-2,-0.16353703,True
691,-0.59759116,0.78573203,-0.37511182,True
690,-0.65114284,0.7256402,-0.15743673,True
689,0.9597244,0.48630357,0.24316514,True
688,-0.16958296,0.24881208,-0.6846701,True
687,0.23943198,-0.6721213,0.6015302,False
686,-0.7648945,-0.45829606,-0.28161454,False
685,0.7480457,-0.8216195,0.3773836,False
684,0.6325736,0.3281653,0.14778936,True
683,-0.5647075,0.18653202,-0.23340774,True
682,0.13902354,6.411064e-2,0.36881876,False
681,0.13962924,0.7718978,0.5025102,True
680,0.49770916,-0.4616958,-0.48035073,True
679,0.19989502,0.6607394,0.6278367,True
678,0.8250551,0.87367415,0.71894896,True
677,5.4236293e-2,0.349887,-0.55945706,True
676,0.5851127,1.9260526e-2,-0.3940084,True
675,0.18245828,-0.403337,-0.40488064,True
674,-0.21092772,0.31966007,-0.7346343,True
673,2.781713e-2,-0.7389387,-0.6088644,False
672,-0.24352467,-0.9308028,-0.2413249,False
671,0.532817,-0.1738106,0.8681474,False
670,-0.78283846,0.7425947,7.723296e-2,True
669,-3.2532692e-2,-0.20017338,-0.61479676,True
668,-0.7645793,-0.21191883,-0.7234161,True
667,-0.3585794,0.27054298,-0.36159074,True
666,-0.72730327,-0.41514874,-0.31135905,False
665,-0.76644707,-0.52321184,0.75030434,False
664,0.22937214,-0.16539073,0.83132756,False
663,0.53160465,0.61254156,-0.8168433,True
662,0.3096149,0.15004015,0.47169793,False
661,8.122516e-2,0.9339986,0.90067995,True
660,0.55188775,-0.21119153,-0.41420257,True
659,0.2547382,0.69567275,-0.45522547,True
658,0.9523598,0.5398475,-3.311217e-2,True
657,-0.7885388,0.26354527,0.84077823,False
656,9.311414e-2,-0.66635835,0.6063714,False
655,-0.53825617,0.37493885,0.102690935,True
654,-0.44524646,0.9534633,-0.92525935,True
653,0.9027965,-3.0497909e-2,-0.10834837,True
652,6.450415e-2,-0.63969254,0.38116813,False
651,0.8876916,0.31039214,0.32123768,True
650,0.36766982,0.53968287,0.17885756,True
649,-0.9612464,-9.528029e-2,-0.13875175,False
648,0.617005,-0.63941157,-0.48957837,False
647,-0.21617305,-0.42305422,-3.197038e-2,False
646,0.79992485,0.2070651,-0.4726696,True
645,0.85426915,0.18784714,0.57370734,False
644,0.3961451,-0.5901078,0.5544443,False
643,0.5741768,-7.973623e-2,-0.5074147,True
642,0.72155595,0.10496175,0.95542336,False
641,-8.996582e-2,0.10762,-2.0641208e-2,True
640,-0.20863879,0.97901297,-0.4179175,True
639,7.935083e-2,0.8555429,0.6200355,True
638,0.63693154,0.92809045,0.6120095,True
637,0.9910891,0.7413291,-0.9731128,True
636,-9.868157e-2,0.32239068,0.79552734,False
635,0.18042767,0.68991494,-0.30289745,True
634,0.13452268,0.38931024,-0.37282348,True
633,0.23736441,-0.7151971,-0.46368587,False
632,0.7594222,3.781259e-2,0.98885095,False
631,-0.66497266,-0.44206262,0.18782079,False
630,-0.5164578,-0.6960168,-0.1239717,False
629,0.75976884,0.6162181,0.234164,True
628,-0.5909058,0.38938951,-0.7917396,True
627,-0.56708574,0.4037485,-0.18594563,True
626,0.74732363,-0.17264307,-0.41893196,True
625,-0.6092081,0.49972558,0.81461,False
624,-0.8238119,0.71586156,-0.18661845,True
623,-0.19684613,-0.48940825,-0.9977714,True
622,-0.16567135,-0.29752982,0.7396965,False
621,0.14223456,-0.33758104,0.30074573,False
620,-4.8232675e-2,-0.9058032,-7.2493434e-2,False
619,-7.607484e-2,6.8814754e-3,0.54612255,False
618,0.3364941,0.17200184,-0.9418683,True
617,0.8026142,0.21268296,-0.62300825,True
616,9.60778e-2,-0.84458673,6.393278e-2,False
615,-0.69017804,0.6814226,-0.528532,True
614,0.80183125,-0.9949949,-0.8411765,False
613,4.2184114e-2,0.9686917,-0.4224373,True
612,0.39902925,-0.8267175,0.19170141,False
611,0.4236883,0.94547415,-0.3251407,True
610,-0.6408812,-0.86624014,0.88521564,False
609,-0.5265058,7.273781e-2,-0.6481621,True
608,3.9810896e-2,6.079197e-2,0.6079751,False
607,-0.41315985,0.16462111,5.8736444e-2,True
606,0.9301785,0.34228992,-0.13898683,True
605,0.54347086,-0.75541186,0.14533055,False
604,0.39303064,0.2942859,0.8984778,False
603,0.1347208,0.8128443,0.32496297,True
602,0.4414736,0.37310815,-0.95690703,True
601,-0.47329938,-0.24411201,0.89366937,False
600,-0.5114193,0.5491433,-0.7151787,True
599,-0.35172212,0.57671213,-0.78831685,True
598,0.89824736,0.31424236,-4.1329622e-2,True
597,-0.83706844,-0.45429873,6.052828e-2,False
596,-0.6435312,-0.5113449,0.2456361,False
595,0.72848487,-0.62738276,-0.36510074,False
594,-0.36571252,-0.91812015,-0.46031487,False
593,0.7599821,-0.13478029,0.86881983,False
592,-0.7331823,8.268416e-2,0.2307638,False
591,0.34962928,0.16799355,-0.560614,True
590,7.1249485e-2,0.3347305,-0.65117955,True
589,-0.27405834,0.36367822,0.37844515,False
588,0.58974016,-0.49671006,-0.35682762,False
587,0.3051417,-4.9513817e-2,0.9507742,False
586,-0.5155988,0.65735364,-0.61553466,True
585,-9.158611e-2,-0.19394875,-0.32977736,True
584,-5.019009e-2,0.8613906,0.56611574,True
583,0.6273209,0.6223806,-0.14989316,True
582,0.57131946,0.87500346,-5.9057355e-2,True
581,0.193156,-0.35245228,-0.52762103,True
580,0.54058444,0.88617,-0.44808602,True
579,-0.8157749,0.73956025,-0.36778545,True
578,-1.5542507e-2,0.9091346,0.2619648,True
577,-0.7679951,0.10036647,0.61898506,False
576,0.20505357,-0.8539206,0.6669078,False
575,0.49835598,-0.660573,0.1899066,False
574,-0.80595565,-0.5172727,0.76502573,False
573,0.79912174,0.53468347,0.57692254,True
572,0.31319535,0.37384093,-0.2163626,True
571,0.36710668,-7.076681e-2,0.7403277,False
570,0.26966023,-0.20790446,-0.3572687,True
569,0.4651854,-0.58358574,-0.7099329,True
568,0.60479236,0.5526366,-0.74686897,True
567,0.8211826,0.3439523,-1.6094446e-2,True
566,1.2619615e-2,3.794515e-2,0.24369788,False
565,-8.8597775e-2,0.35209298,-0.34107757,True
564,-0.8088298,0.586221,0.5708394,False
563,-0.9736085,0.9124141,-0.91065025,True
562,0.9185934,0.83707833,-0.14586401,True
561,0.58057725,-0.46394837,-0.5292045,True
560,-0.36571467,0.4332509,-0.14909315,True
559,-0.10306156,-7.116938e-2,-0.1947484,True
558,0.44945705,-0.32157588,0.78734267,False
557,0.2790724,0.40791738,-0.86058545,True
556,-0.94503415,-0.26627314,0.8936815,False
555,-0.9872701,3.7019968e-2,0.8160908,False
554,-0.7353296,-2.7952075e-2,0.70458543,False
553,0.50878954,0.6427064,-0.6619657,True
552,-0.7374948,0.24867833,-0.97360027,True
551,-0.9605528,-0.8888149,-0.15620518,False
550,0.959103,0.69314265,-0.24194932,True
549,0.9897945,-0.5221691,0.87196934,False
548,-0.37122667,0.7830355,-0.7192476,True
547,0.4714229,0.22409308,-0.8177694,True
546,-0.80208313,1.8251777e-2,-0.2673248,True
545,-0.63991916,-6.4195275e-2,-0.30562365,True
544,-0.6492685,0.42096806,-0.40131164,True
543,0.88114464,-0.83921456,-0.86802423,True
542,0.3769716,0.79462147,-0.836372,True
541,0.49628544,-0.8074055,0.15401566,False
540,-0.6585107,0.696126,0.39248085,True
539,-0.5348339,0.67128086,0.23916209,True
538,5.8357596e-2,0.95248246,0.28347397,True
537,0.25054395,-0.4191146,-0.8388667,True
536,-0.82857215,-0.50139296,-0.8088294,True
535,0.7558321,-0.17140853,0.1597687,False
534,0.36766422,0.6097977,0.68954086,True
533,-0.35621476,0.558787,-0.6040083,True
532,-0.83394575,-0.22337091,0.84836936,False
531,0.8104521,-0.35125625,0.29784715,False
530,0.84441876,0.8626678,0.31354892,True
529,-0.810902,-0.62041247,-2.3686886e-4,False
528,-0.5440855,-0.5518303,0.22465229,False
527,-0.849321,0.5234301,-0.42753792,True
526,0.2004826,-0.42711997,0.52029467,False
525,0.8051208,0.5017245,-0.2520554,True
524,-0.6252488,-0.6908003,-0.8009963,False
523,0.52410245,-9.7691536e-2,0.6162356,False
522,0.866927,-6.8629384e-2,-1.8900633e-3,True
521,-0.8902651,0.43199623,-0.3241378,True
520,0.21632981,0.113105774,-0.4950868,True
519,0.51739717,-0.9332496,0.45692587,False
518,0.3202554,-0.64482033,0.18998086,False
517,-0.5470469,0.635393,-0.33908355,True
516,-0.47525132,-9.8057866e-2,6.93568e-2,False
515,0.80330443,0.502771,0.35981333,True
514,0.92327046,-0.43942058,-0.63608205,True
513,-0.6574676,-0.9793073,-0.70062685,False
512,-0.9545373,-8.522034e-3,0.4620105,False
511,0.84437,-0.79457295,0.1610595,False
510,-0.42092133,-0.2880597,-0.22567666,False
509,-0.31633866,0.52084744,-0.7849833,True
508,-9.853649e-2,0.85272884,-0.5436853,True
507,-0.45652163,-8.904934e-5,-0.27058554,True
506,-0.9683955,-0.12719107,0.30842042,False
505,-0.41550636,0.96931803,0.94457746,True
504,9.624398e-2,0.85583496,0.658566,True
503,0.7072197,-0.7652154,-0.34319258,False
502,-0.85418975,0.48227715,0.93614376,False
501,0.8542489,0.9951904,-0.80909514,True
500,-0.7123358,-0.230762,-0.8548945,True
499,0.95484495,-0.23762584,0.96569896,False
498,-0.914415,-0.21133661,0.7399186,False
497,-0.14020872,-9.806371e-2,-0.13129532,False
496,-0.8000796,-0.8037386,0.3123796,False
495,0.20535672,6.8582654e-2,3.6501884e-4,True
494,-0.25192714,-0.19088268,0.7980459,False
493,0.7793671,-0.2219863,0.47092342,False
492,0.8386431,-0.7927613,0.39296842,False
491,-0.63435936,-0.5851871,0.7462605,False
490,0.9937482,-3.4941077e-2,0.53816247,False
489,-0.20350492,0.27971053,-0.2626785,True
488,-0.100025535,9.556627e-2,-0.3232957,True
487,2.392602e-2,-3.1698942e-3,0.8187305,False
486,0.66792595,0.2998637,-1.8868446e-3,True
485,-0.22793138,-1.1485219e-2,0.34442377,False
484,0.38572407,0.33736074,0.7823278,False
483,-0.8750416,0.6355227,0.80906165,False
482,0.280841,0.3540194,0.5479102,False
481,0.39296424,-0.3769251,-0.56497884,True
480,0.71040726,-0.21992826,0.47438467,False
479,1.2400627e-2,0.5155488,0.46411872,True
478,-0.24354887,0.39442503,-0.8365072,True
477,0.45518446,0.7841188,-0.26344347,True
476,0.7219764,0.45819616,0.117654204,True
475,-0.24672031,0.9132925,0.27313745,True
474,-0.5716746,-0.40208638,-0.26866257,False
473,0.1913842,0.80820405,-0.8709669,True
472,0.8169693,9.4586015e-2,-0.79174185,True
471,8.380461e-2,0.860497,-9.8287225e-2,True
470,0.22816789,6.27929e-2,0.47990012,False
469,0.2695762,-0.6961622,0.3043431,False
468,-0.95539546,0.84842443,0.91809666,False
467,4.3917537e-2,-0.34523046,-0.47714365,True
466,0.5057224,-0.16066778,-0.25859213,True
465,-0.9372313,-0.78937614,-0.14844596,False
464,-0.87970567,0.7099948,-0.7663964,True
463,-3.7688255e-2,0.42315972,0.31461656,True
462,-0.6742656,0.86008024,0.14665651,True
461,0.23777187,0.3765117,-0.59066427,True
460,-0.7801105,-0.6278397,-0.5848167,False
459,-0.2091223,-0.4288329,-5.4478645e-3,False
458,-7.858026e-2,-0.6517848,2.1970749e-2,False
457,-9.971869e-2,-0.68558776,0.8331486,False
456,0.8310535,0.4264741,0.9516809,False
455,0.6641605,0.5480176,-0.5008638,True
454,-0.96484005,0.93054163,-0.91655266,True
453,-0.8956685,0.7130376,-0.6993377,True
452,-0.6697303,-0.47070515,-0.4754907,False
451,0.797482,-0.7929679,-0.3822329,False
450,0.3631934,1.0749221e-2,-0.16296208,True
449,0.23981118,0.2260046,-0.5146018,True
448,-0.93627155,-0.24332988,0.8084661,False
447,0.50357425,-0.46658444,-0.36146498,False
446,0.8980206,-4.3526888e-2,0.53754866,False
445,0.5914153,-0.6371919,-0.913875,True
444,0.9644762,-0.33742833,0.3374734,False
443,-0.33152628,0.38991725,0.29531777,True
442,-0.60990095,0.60692704,-0.5742682,True
441,-0.56294954,0.8387097,0.90481126,False
440,-1.8583655e-2,-0.17637825,6.485939e-2,False
439,0.7069223,0.46008122,0.43439198,True
438,-0.27047145,0.2340256,0.81078374,False
437,-0.8301841,0.28720772,0.43118656,False
436,0.46206343,0.7499906,-0.27793407,True
435,-0.6529323,0.41595566,-0.97902846,True
434,0.873611,0.72711694,-0.7975764,True
433,-0.75985515,0.2266612,0.30336225,False
432,-0.78346467,0.23825777,-0.4699278,True
431,-0.18246984,-0.3726002,0.895805,False
430,-0.19232666,0.8427985,0.56584156,True
429,0.29789782,0.4295727,-0.2193532,True
428,0.8905597,-0.64833903,-2.8526545e-2,False
427,-0.10605264,4.610181e-2,-0.88284945,True
426,-0.27217472,0.90265906,-0.8789673,True
425,-0.98293495,0.9072553,3.874147e-2,True
424,0.9995421,0.67808235,0.60091627,True
423,0.80475175,0.17291594,0.47852528,False
422,-0.14866018,0.1948086,0.5453807,False
421,-0.8463534,0.8249049,0.80299807,False
420,-5.7234168e-2,-0.41070092,0.16314542,False
419,0.61222506,0.4064312,-0.812871,True
418,-0.4544878,-0.6121838,0.7328501,False
417,-0.24469626,0.919484,0.67519987,True
416,-0.47220695,0.5430312,-4.4061065e-2,True
415,0.619382,-0.37063384,0.26321685,False
414,-0.21786618,0.23744321,-0.34935355,True
413,0.9797225,0.5984154,-0.48240447,True
412,-0.26362753,0.15844226,-9.864414e-2,True
411,-0.49629664,0.316244,-0.46985793,True
410,-0.24735677,0.9074465,-0.8707174,True
409,-2.1374822e-2,0.19596255,0.2600255,False
408,0.9481287,9.292245e-2,-0.19106793,True
407,-0.607764,0.11234534,0.9972409,False
406,0.40069377,0.98914754,-0.35212898,True
405,4.042232e-2,-0.92242193,0.8225608,False
404,-0.8612187,0.61712253,-0.6855979,True
403,0.17310679,-4.08051e-2,-0.92207503,True
402,0.7536552,-8.7418914e-2,0.62106335,False
401,-0.42699254,-0.93627155,0.92385185,False
400,-0.4829601,0.68423307,-0.6125611,True
399,0.117634416,-0.2907238,0.31447744,False
398,0.5491009,1.8951654e-2,0.51014304,False
397,0.8540137,0.6562184,-0.2852043,True
396,0.7002115,-0.6128818,4.189706e-2,False
395,0.42208743,0.8360189,0.6900767,True
394,-3.1751752e-2,-0.94797635,-0.9442401,False
393,-0.54167306,0.5682421,-0.6449138,True
392,-0.63962126,0.59114754,-0.3051827,True
391,0.5178118,-0.35759735,3.0443668e-3,False
390,-0.7548964,0.26283956,-7.477009e-2,True
389,-1.4490366e-2,-0.9056326,0.32054973,False
388,0.27756572,0.26860142,-0.9917842,True
387,0.25060058,0.70695543,0.48294008,True
386,0.51349616,0.9101931,0.75387144,True
385,0.5198852,-0.96050775,-0.55878675,False
384,-0.81392145,-0.8577002,0.88088167,False
383,-0.37868953,-9.763038e-2,0.2975819,False
382,0.88815653,0.5680655,0.47700226,True
381,9.925556e-2,-0.9241537,-0.81703746,False
380,5.9532285e-2,8.268952e-2,0.43927586,False
379,-0.87784135,2.4720907e-2,0.70146155,False
378,0.19963598,3.6394358e-2,-0.34301257,True
377,-0.8577478,0.66311383,-0.5046928,True
376,-0.6759025,-3.1869411e-3,0.6637871,False
375,-0.72854877,-0.21666169,0.45427918,False
374,-0.8453417,-0.3843521,0.57755804,False
373,0.7751584,-0.9984027,-0.76915216,False
372,-8.731544e-2,-0.47816384,1.8034339e-2,False
371,0.36560702,-0.818102,-0.9552592,True
370,0.9827446,-0.7754792,-0.8316686,True
369,0.46082103,-0.6433705,-0.47098005,False
368,-0.736786,-0.12680352,0.22460091,False
367,-0.6037177,5.3367972e-2,-0.3419932,True
366,-0.21051288,-0.8756604,0.8878741,False
365,-0.18091857,-0.8977202,-0.13455784,False
364,0.3951702,0.26090157,0.9638604,False
363,0.53696704,0.9686575,-0.40240633,True
362,-0.62475085,-0.3519323,-0.16154444,False
361,-0.41400754,0.15935862,-0.41574085,True
360,-0.90546954,0.5888845,1.6180396e-2,True
359,-0.5100163,0.5253531,0.7834382,False
358,0.8696611,0.80833673,0.26672125,True
357,0.8952583,9.047508e-2,0.13448775,True
356,-0.12447798,0.48658097,-0.41329193,True
355,0.32045388,0.3983413,-0.99357736,True
354,0.95341516,0.83259475,0.6867049,True
353,0.14973664,0.83263814,-0.5791979,True
352,9.7123384e-2,-0.37600303,0.31946504,False
351,0.8498689,-6.368852e-2,0.52410865,False
350,-0.33517265,-1.4541507e-2,0.19295096,False
349,-0.19152737,0.7918768,-0.539685,True
348,0.46390688,0.5069798,-3.948927e-3,True
347,6.7800283e-3,-0.43203163,-0.3051728,False
346,-0.46596634,-0.98434174,0.3851359,False
345,-0.9865509,0.42399812,-0.15370333,True
344,0.52145886,0.48292565,0.38250816,True
343,-0.4345727,-0.26013458,-0.97044444,True
342,0.79805887,0.46543634,0.41505194,True
341,0.42736328,-0.35475922,-0.18268836,False
340,-0.5982603,-0.7436929,-4.3507695e-2,False
339,-0.7795012,0.35675478,0.15638757,True
338,0.63222826,-0.90279746,0.26382828,False
337,0.6769285,-0.5753999,0.9452715,False
336,-0.25671268,-0.5533149,5.7394505e-3,False
335,-0.93963397,0.31552172,-0.7074932,True
334,-0.59710634,0.86903894,-0.98066235,True
333,-0.32529902,-3.8876176e-2,-0.23141766,True
332,0.5503197,-0.5565009,5.801761e-2,False
331,-0.98042214,0.5428461,0.33215797,False
330,-0.81887925,0.93288374,0.8509871,False
329,7.2621584e-2,8.8080764e-2,0.2086227,False
328,-0.96235394,-0.8433076,-0.464198,False
327,0.4123857,-0.7550292,0.5529262,False
326,-0.9838376,0.5771538,0.3610828,True
325,-0.7107643,0.9647919,0.19258106,True
324,0.8488178,5.496192e-2,-0.6125884,True
323,0.19997978,-0.9878092,-0.8903177,False
322,-0.3214599,0.54417455,-0.9538363,True
321,0.423303,0.9737519,-0.16421533,True
320,5.2957654e-2,4.9503207e-2,-0.10947275,True
319,0.7504817,0.37562442,-0.62331986,True
318,0.49101055,-0.7378082,0.5551636,False
317,0.321172,0.8263916,-0.8376353,True
316,-0.5496789,-0.31739008,-0.9448912,True
315,-0.17670274,0.7919208,0.37008572,True
314,-0.79579854,0.44074643,-5.0978184e-2,True
313,-0.5907942,-0.4110396,0.1082114,False
312,0.8244848,5.7696342e-2,-0.36666954,True
311,0.6530199,-0.19283521,-0.42828345,True
310,0.7084396,0.71191204,-0.49339867,True
309,-0.2928741,-0.86112106,0.80997086,False
308,0.21044493,-0.8764287,0.16509104,False
307,0.862587,-0.63386905,-0.53474104,True
306,-0.9705715,-0.25357807,0.48480713,False
305,-0.92251444,0.12282455,-0.3049239,True
304,-0.7737895,-8.8630915e-2,-0.52595997,True
303,-0.29094934,-0.36453414,0.19829643,False
302,0.31048477,0.94850457,-0.86022055,True
301,-0.3418193,0.6447228,0.31118238,True
300,-0.4294815,-5.607438e-2,0.5369909,False
299,0.31305027,0.23499274,2.421391e-2,True
298,-0.9322618,-0.19997513,-0.6792407,True
297,-0.107153535,0.3792255,-0.7474711,True
296,-0.8149128,-0.6691612,0.53116524,False
295,0.22175276,0.3536538,0.91868687,False
294,-0.1207912,9.0062976e-2,0.14612079,False
293,0.51184964,-0.822211,-2.3772717e-2,False
292,0.57374036,0.93901765,0.76191306,True
291,-0.18699169,0.9517945,0.6404785,True
290,0.91875803,0.77769387,-0.7810582,True
289,-0.24591148,0.3491,-0.31160593,True
288,0.72102654,0.20785415,7.477963e-2,True
287,-9.712338e-3,0.59325445,-0.976099,True
286,-0.7261021,0.28988957,-0.4740379,True
285,0.17450881,-0.2973491,0.3484608,False
284,-0.6777142,-0.3065617,0.98025787,False
283,-0.30877626,-0.6950662,-0.5121187,False
282,-0.4997269,-0.34793615,-0.875515,True
281,0.6008891,-3.897214e-2,0.81505334,False
280,0.27395606,0.10925865,0.47470343,False
279,-0.41277027,-0.51544785,-0.89885855,True
278,0.9249793,-6.225145e-2,-0.4985217,True
277,-0.78779507,-0.56595814,-0.99335563,True
276,0.6017699,0.94360745,-0.27755952,True
275,-0.11947179,0.6652726,-0.5732157,True
274,-0.53637934,-0.796734,0.6101239,False
273,-0.4905908,-0.9187503,-0.48312783,False
272,-0.20526886,0.83408666,-0.85469425,True
271,0.44613743,0.2304064,0.5093243,False
270,-0.35506785,0.9323319,-0.17992747,True
269,-0.8100753,0.8841115,0.6478586,True
268,0.79221165,-0.44351172,0.6114508,False
267,0.17281866,0.41954648,0.44206214,True
266,0.3180833,0.94122183,0.34647417,True
265,0.6396394,-0.7649058,-0.83638906,True
264,-0.6902317,0.525753,-0.30021942,True
263,0.75421274,8.003986e-2,0.96250165,False
262,-0.49049616,2.384162e-2,-0.17838967,True
261,-0.16507995,0.9190366,-0.74977326,True
260,0.123972654,0.9695394,0.7793002,True
259,-0.57149136,0.113622904,-0.5369929,True
258,0.7162534,-0.24616444,-0.44629765,True
257,-0.81892836,0.35979784,-0.8057213,True
256,-0.8288367,0.7150394,0.43204927,True
255,3.758967e-2,0.21723044,0.21264017,True
254,-0.737875,0.14338589,0.70162046,False
253,0.5554756,0.8721138,0.24708807,True
252,-0.35586333,-0.5152168,0.4701103,False
251,-0.2519505,0.85872877,0.4908297,True
250,-2.1855712e-2,0.9933109,-0.61828077,True
249,0.6091659,-0.22129905,-0.86096394,True
248,-0.40749645,0.70496786,-0.67946374,True
247,0.21092665,0.6991453,-0.9871545,True
246,0.1666013,0.55577517,-9.367156e-2,True
245,-0.8518752,-2.1980882e-2,-0.12510121,False
244,-0.6283425,0.43123066,-0.66541255,True
243,-0.27534306,0.51662207,0.17787552,True
242,-0.8337836,0.2858888,-0.24540365,True
241,0.79874575,0.76536405,-0.79920065,True
240,-0.11674082,0.7264029,0.81734204,False
239,-0.47528994,-0.37850642,-0.3556757,False
238,0.35130072,0.30254352,-0.5513706,True
237,0.91776586,-0.32318234,0.8370606,False
236,0.8433225,-0.16825926,-0.35046685,True
235,-0.16194761,-0.2517959,0.8061886,False
234,-0.6658232,0.90076053,-0.6934391,True
233,0.11417985,-0.17259634,-0.6443348,True
232,-0.69056153,0.9932076,-0.44666922,True
231,-0.929667,-0.6982175,0.8638401,False
230,-0.9775876,-0.45695162,-0.13262975,False
229,-0.5990728,0.73764515,0.7298478,False
228,0.6065501,-0.73889756,0.20341742,False
227,0.59328306,-0.7733623,-0.65151715,False
226,1.71206e-2,0.7058078,6.0019493e-3,True
225,0.49172485,-0.49425864,0.25754726,False
224,0.48006678,-0.43388438,0.58163714,False
223,0.14694548,-0.1105392,0.46116686,False
222,-0.87576187,-0.2908634,-0.6986493,True
221,0.1833787,-0.37580252,-0.23985183,False
220,-0.49451768,0.2995391,-0.2589655,True
219,0.22604644,1.2162209e-2,-0.87492704,True
218,7.148361e-2,0.3173437,-0.24644399,True
217,0.369496,-0.3090999,0.44893312,False
216,-0.67896533,0.9330096,0.9223703,False
215,0.41015923,0.15754223,0.2886567,True
214,0.5381261,0.9054997,4.329324e-3,True
213,0.4918909,2.7355313e-2,0.9335606,False
212,-0.8646183,0.103019714,0.7877152,False
211,-0.81156063,0.882352,8.342242e-2,True
210,-0.8825325,0.6923747,-0.97056246,True
209,-0.57736135,0.47511768,-0.23088479,True
208,0.53177476,0.38577938,-0.73308074,True
207,-0.41368496,-1.4254093e-2,0.36751115,False
206,-0.9076432,-0.15105355,-0.5680524,True
205,-0.3208493,0.6554705,-0.6410577,True
204,0.21108043,5.3848147e-2,-0.5106741,True
203,0.9663516,-0.7879193,9.709895e-2,False
202,-0.97545874,-0.941141,-0.60539556,False
201,-5.4392815e-2,2.1838546e-2,0.6636151,False
200,0.34465456,-0.90142906,-0.11724329,False
199,-0.42071283,0.91316533,0.8449209,True
198,-0.3954854,2.8374553e-2,-0.81797147,True
197,0.9517751,0.2483108,-6.958747e-2,True
196,-0.56124043,-0.50330603,0.13212931,False
195,-0.76838684,0.2953136,-0.5449648,True
194,-0.29311764,0.66284275,-0.29832816,True
193,0.15185952,-0.33299065,0.80359745,False
192,0.6580328,0.49752533,-0.35620213,True
191,-0.36538947,-0.4568677,0.9763299,False
190,0.15326965,-0.743325,0.42645025,False
189,0.57673573,-0.47943568,-0.9234668,True
188,-0.78907716,0.8867836,-0.35973036,True
187,-0.3887229,-0.7284348,-0.5467266,False
186,-0.5921513,-0.9981235,0.47841024,False
185,-0.33087766,0.8555627,-0.14445686,True
184,0.38674414,-0.19428849,-0.75623345,True
183,-0.33080637,0.58063996,-0.841131,True
182,-2.880609e-2,-0.38964653,4.8671126e-2,False
181,-0.6384741,0.45883143,0.10445404,True
180,0.38038492,0.18527353,5.315709e-2,True
179,-0.86218107,-0.7903222,9.3482375e-2,False
178,-0.2573763,0.81911874,-0.5907905,True
177,0.6534699,0.2971182,0.99935937,False
176,-0.18492186,0.43198216,-0.8893702,True
175,-2.896285e-2,0.48010087,0.28457177,True
174,0.17791533,0.8462268,0.590871,True
173,-0.6246294,0.117316365,-0.12879813,True
172,-0.63341737,-0.82114136,-0.80286574,False
171,0.390226,0.5732237,-0.3456211,True
170,-0.16990364,0.9952543,0.13094985,True
169,0.6835265,0.7431452,0.342618,True
168,5.295229e-2,2.4796486e-2,-0.65265095,True
167,-0.50040996,0.39026368,-0.6318073,True
166,-0.20235705,-0.53888285,-0.9584191,True
165,-0.22006059,-4.3060184e-2,-0.49559212,True
164,0.75076604,-0.49441767,-0.9860096,True
163,-0.52217555,3.5827994e-2,0.8168924,False
162,-0.2178843,-0.63079095,-0.93284976,True
161,0.29755354,0.8669734,0.64125943,True
160,5.0516725e-2,-1.1959791e-2,0.64091206,False
159,-0.20325196,-0.21769357,-8.418751e-2,False
158,0.251554,0.93340874,-0.4550705,True
157,0.41402102,-0.7655941,0.59589005,False
156,-0.25584507,-0.8951297,-0.45423555,False
155,-0.36471057,-3.547108e-2,0.6022723,False
154,-4.1080356e-2,8.443785e-2,0.667873,False
153,-2.634132e-2,0.7306062,-0.48090017,True
152,0.49737453,-0.84715617,-0.76299036,False
151,0.94792414,-0.94924045,0.9120704,False
150,-0.22872806,-0.8751322,0.24292862,False
149,0.9643805,-0.34515178,-0.2857343,True
148,-0.16657043,0.29012465,-0.11036396,True
147,0.3043146,-0.6213603,0.16067517,False
146,-0.45888567,-0.740172,0.26105642,False
145,-0.10511899,-0.75369453,0.68397987,False
144,0.48650408,-0.2543317,0.79537296,False
143,8.7084174e-2,0.39110506,0.29262853,True
142,0.3076501,-0.6784421,0.28231847,False
141,7.710433e-2,-0.29093385,0.6720357,False
140,-0.5108224,-0.24780798,0.3649752,False
139,-0.7045052,9.0696335e-2,0.22022653,False
138,0.53995585,0.74486494,0.4836607,True
137,8.1038356e-2,-0.14681053,-0.5527322,True
136,-0.6469785,0.43032312,0.6041956,False
135,0.79070544,-0.7615584,0.22511494,False
134,0.26170683,-0.7545122,-0.2615192,False
133,0.63658214,3.5364985e-2,0.77784765,False
132,0.40164983,0.40576982,-0.93182755,True
131,0.22212362,-0.87383986,-0.92677987,True
130,0.36150622,-5.1009655e-2,-0.92140174,True
129,-0.3051579,-0.66390705,0.7222687,False
128,0.6659715,0.8398782,0.27841496,True
127,-0.8207296,-0.36290026,-0.10070658,False
126,-0.94630694,5.9390426e-2,-0.5759623,True
125,-0.18038356,0.30536497,-0.2966286,True
124,-0.156232,9.7242594e-2,-0.68937874,True
123,0.60999393,-0.3086772,0.31575465,False
122,-0.64973664,0.7760726,-0.58958197,True
121,0.8596802,-0.97127044,-0.1493479,False
120,-0.8848897,-0.882844,0.4295069,False
119,0.37636197,0.9707246,-0.23322034,True
118,-0.49264622,-0.42587245,-0.462425,False
117,-0.6403681,-0.31376278,-0.8276893,True
116,0.2618158,0.7821237,-0.15707302,True
115,0.12120175,0.99864256,-0.9863843,True
114,-0.5521873,-0.832988,-0.3108536,False
113,4.865682e-2,0.25568104,0.44850016,False
112,0.5054513,0.71508396,0.57840693,True
111,-0.4143746,-0.78149736,0.7799578,False
110,0.922469,-0.52965343,-0.51584697,True
109,-0.8741033,-0.22925055,-0.97047985,True
108,-0.38571703,-0.19843447,0.65504706,False
107,0.92279077,-0.8646035,9.5038176e-2,False
106,0.10207474,-0.30096853,-0.40316808,True
105,-0.25220358,0.6693754,-0.3451625,True
104,-0.85181725,0.35195875,-0.61453366,True
103,-0.9265983,-0.6787958,-0.55442727,False
102,-0.31855035,-0.6248312,-0.8856064,True
101,-0.3645017,-0.9871445,-4.4743776e-2,False
100,0.28280163,-0.22224402,-0.7557359,True
99,0.646641,0.9382107,-0.21135294,True
98,0.87877846,-0.99758637,-0.94857454,True
97,-0.64294887,-0.30573976,-0.81172633,True
96,-0.2792492,0.5727576,-0.6080097,True
95,0.90941906,0.11686659,-0.29803467,True
94,0.45626748,-9.85086e-2,-0.9330257,True
93,0.8350183,9.422004e-2,0.5644703,False
92,0.7076589,0.74766505,-0.24899268,True
91,0.54523695,9.8454475e-2,-0.34299755,True
90,8.2616925e-2,0.7629725,0.43192816,True
89,0.2884127,0.21657944,-0.33373952,True
88,-0.52903676,-0.9711977,-0.7785404,False
87,-6.191063e-2,-8.593345e-2,-0.2794007,True
86,-0.3418578,-0.6270988,0.70476055,False
85,-0.694623,0.16025889,9.391689e-2,False
84,0.7339319,-0.29887736,0.11555886,False
83,-0.93432415,0.8241935,0.41443002,True
82,-0.5047436,0.7171953,0.7640362,False
81,0.21688974,-0.99114275,-0.8930483,False
80,0.1251024,-0.56646264,0.10422456,False
79,0.32511067,-0.8535991,0.20587766,False
78,0.84186375,0.84325385,0.18236971,True
77,-0.56593657,0.27763617,2.9430628e-2,True
76,0.6886263,2.670753e-2,0.16321373,True
75,-0.8414509,0.91157115,-0.6971874,True
74,0.30291665,-0.44675946,0.8336444,False
73,-0.8337258,-0.41252065,-0.85188735,True
72,0.8677585,0.89501417,0.839481,True
71,0.88383424,-0.7489357,0.13379478,False
70,-0.7050462,0.6964433,-0.47355604,True
69,-0.35121608,0.85958683,-0.98745227,True
68,0.61747587,-0.29309952,-0.5619192,True
67,-0.56718874,0.357154,0.8509129,False
66,0.47684562,0.19582427,-0.9580271,True
65,-0.45980847,-0.33217883,-0.7061614,True
64,2.7579546e-2,-0.15205026,-0.12520564,False
63,-0.51601887,0.7828963,-0.29292607,True
62,-0.9096106,-0.8422996,-0.252486,False
61,0.46351087,0.16771328,-0.16644704,True
60,-0.24088955,0.5972705,4.4924498e-2,True
59,-0.63019884,0.13700807,-0.65547657,True
58,-7.394469e-2,-0.93036985,0.6089753,False
57,-0.36096048,0.7081213,-0.3444091,True
56,-0.28517807,0.48923612,-0.87073004,True
55,0.54080904,6.9979906e-2,0.41677904,False
54,-0.6759038,0.44497895,0.8630352,False
53,0.9196317,-0.6336881,0.45338356,False
52,-0.88732576,2.8097987e-2,-0.8094064,True
51,0.26423466,0.520998,0.8036734,False
50,0.53083384,0.93444884,0.712574,True
49,0.24240804,-0.62415624,0.41000283,False
48,-0.32435942,0.8625293,-0.46015298,True
47,-0.32619882,0.6532762,0.27371907,True
46,-0.37534285,-0.6352254,-0.5472951,False
45,0.52284646,-0.66241467,0.51641595,False
44,0.6627693,-0.29635203,0.3465557,False
43,0.13373578,-0.62695026,0.64459586,False
42,-0.5580474,0.2297113,-0.61576104,True
41,-0.52369654,-0.17971933,0.9928967,False
40,-3.330326e-2,0.9030069,0.9748769,True
39,0.59296584,-9.355545e-3,0.5877849,False
38,-0.4494877,3.568089e-2,-0.42355704,True
37,-6.2901616e-2,0.88617,-3.83147e-2,True
36,0.43618464,-0.10226858,-0.3987832,True
35,0.25790823,0.3137275,0.37838936,True
34,-0.43529415,-0.21850967,-0.31002808,False
33,0.16039646,-0.7676543,-0.7544199,False
32,0.47779465,0.80392814,-0.23961389,True
31,0.9346024,0.76223636,-8.5715175e-2,True
30,0.28296614,-0.32106662,0.3070041,False
29,-0.81853116,-0.41617227,0.5051769,False
28,-0.49988902,0.75820506,-7.539034e-3,True
27,-0.44818258,0.60853004,-0.9225384,True
26,0.41299093,-0.8102102,-0.12799597,False
25,-0.65287566,0.3033061,-0.18746829,True
24,-0.30030906,0.77512133,-0.94187546,True
23,-0.39893556,0.7154027,-0.34663272,True
22,-0.88957393,0.9519135,-5.6895733e-2,True
21,-0.73868227,-0.77639616,-0.4570452,False
20,0.8351511,-0.6765319,-0.26431525,False
19,0.87130845,-0.35191965,0.75062037,False
18,-0.9361694,-0.20863676,0.1409893,False
17,-0.18474925,-0.3243959,0.70111823,False
16,-0.28397632,0.17974865,-5.9786797e-2,True
15,-0.98897374,-0.45699322,-0.95411515,True
14,-8.321071e-2,0.6994549,0.18635678,True
13,-0.9649906,-0.36895263,0.6481738,False
12,0.1293459,-3.1130672e-2,-0.8798232,True
11,0.18207526,0.9689008,-0.5975348,True
10,0.63681054,-0.5268377,-0.55909944,True
9,-0.56204796,-0.22921813,0.9923768,False
8,-7.0635796e-2,-0.33809233,0.95942795,False
7,-4.7168016e-2,0.32270443,-3.5024047e-2,True
6,-6.736755e-2,3.1288624e-2,0.5454048,False
5,-0.7444987,0.22240245,0.33960104,False
4,-0.22171307,-0.9482436,0.24750829,False
3,0.88163674,-0.5099149,-0.28565645,False
2,-0.65113115,-0.16320288,0.8782705,False
1,0.9089693,0.8037344,0.270504,True
0,-0.78924894,0.21318483,-0.33273757,True
