999,7.169008e-2,-0.73569036,-0.8051374,True
998,0.7490989,0.8843968,-0.80521953,False
997,0.5033207,0.8388864,0.29223263,False
996,-0.683915,-0.8361937,-0.8964659,True
995,-0.65449274,-0.797732,-0.22334981,True
994,0.84579074,-0.8402736,-0.21123612,True
993,0.69206595,6.952e-2,0.26412284,False
992,0.75174856,-0.34680915,-0.50658286,True
991,-0.18279839,0.15008533,-0.4321028,True
990,0.5338917,0.9291867,0.54967964,False
989,0.47284138,0.5947045,-0.6437042,False
988,-0.70385706,-0.56783044,0.4480437,True
987,0.3473462,-0.3066423,0.12006843,True
986,-0.6300163,-0.3638165,-0.6922747,True
985,0.24946475,-0.2346648,-0.68165016,True
984,-0.27139986,-2.3594737e-2,-0.39382017,True
983,0.14992261,0.65044737,0.6301185,False
982,0.746742,-0.15416276,-0.9392122,True
981,0.49906254,-0.5010183,0.26069462,True
980,-0.69224596,-0.47694123,0.92959285,False
979,-8.203125e-2,0.9690765,0.65212405,False
978,0.60428166,0.47140205,-0.2038455,False
977,-0.23860645,-0.49608636,0.820454,False
976,-0.68936944,0.22115636,0.83683443,False
975,0.5264232,0.11381662,0.8562565,False
974,0.27009308,0.98424256,-0.34372556,False
973,0.59348345,0.5684067,0.38067102,False
972,0.98616564,0.17634511,0.5596205,False
971,0.37527514,0.18780375,0.98554456,False
970,-0.77166533,0.9524915,4.265237e-2,False
969,0.1916008,0.6454327,2.729392e-2,False
968,0.76188684,-0.73474336,0.13373137,True
967,0.89725685,0.7050315,-0.5781971,False
966,-0.34085608,-0.85672545,-0.4554397,True
965,0.17976165,0.95772386,0.10789251,False
964,0.5371828,0.13905466,0.13724315,False
963,-0.11713147,0.21870565,-0.38931692,True
962,-0.2433697,-0.82312596,-0.86076236,True
961,-0.34027374,0.98982203,0.4614967,False
960,-0.6483232,0.79943454,0.9369105,False
959,0.22153819,-0.785411,-0.7381284,True
958,0.20319498,-0.98537385,-0.2075175,True
957,-0.3027568,-0.3732723,0.40911102,True
956,-0.8082651,-0.85034764,0.9735683,True
955,0.1392442,0.27578235,0.7903063,False
954,0.6006509,0.9319874,-0.8658091,False
953,-0.48402905,-0.8231685,4.4545412e-2,True
952,0.64611423,-0.5592165,-3.5339594e-3,True
951,-0.11025989,0.45248425,-0.52577317,True
950,0.115475416,-5.675912e-2,8.467293e-2,False
949,-0.35072553,0.49548388,0.86482954,False
948,-0.68002,0.6367668,0.2605039,False
947,-0.19427931,0.94409204,-0.47296143,False
946,0.17660761,-9.837389e-2,0.36189628,False
945,-0.4203391,-3.3183455e-2,0.33363652,False
944,-8.9028716e-2,0.33114374,0.9065846,False
943,-0.21706855,0.9493704,-0.73700345,False
942,-0.27802098,0.16487563,-0.7349061,True
941,-0.8706598,4.38987e-2,0.2661674,True
940,-0.513276,-0.4921919,-0.77695346,True
939,-0.96484566,0.33518553,-0.55200744,True
938,0.96896815,0.20682526,0.91126823,False
937,-0.9988706,0.60097206,-0.5451355,True
936,-0.81881285,-0.6988292,-0.14043176,True
935,-0.36211383,0.83008504,0.53685546,False
934,-0.9769814,-0.13637483,9.490013e-2,True
933,-9.1962814e-2,0.6342087,-0.27958477,False
932,0.8777293,-0.23823416,-0.49624443,True
931,0.7134659,-0.957348,-6.515837e-2,True
930,-0.19600785,-0.8923528,-0.6278858,True
929,0.84208906,0.5640975,-0.43723655,False
928,0.38459635,0.6827979,-0.44925034,False
927,-0.9171803,0.77216196,0.21071708,False
926,0.7631155,0.74770474,-0.23650146,False
925,-0.9494468,0.7120528,0.52091765,False
924,4.57772e-2,-1.4040709e-2,-0.9857458,True
923,0.52968836,-0.76727736,-9.059489e-2,True
922,-2.657938e-2,0.47047412,-0.47831285,False
921,0.6631774,0.77333975,0.15928161,False
920,0.20591211,-0.6213052,-0.7731519,True
919,0.48838258,-0.29112506,0.38531697,False
918,0.42905974,-0.26391542,0.25328112,False
917,0.9639604,-0.42423654,0.89353025,False
916,-0.6350746,-0.8387822,0.47939956,True
915,-0.3968972,0.16317153,-0.6750244,True
914,0.8827013,-0.7908881,-0.7008996,True
913,-0.11418831,0.26261425,-0.51233685,True
912,0.6324632,0.28809392,-0.9735795,True
911,-0.52817476,-0.8366505,-0.22579241,True
910,5.5502415e-2,-0.3123933,-0.70038986,True
909,-0.89339375,0.8249624,-0.8358265,True
908,-0.37327516,1.6826391e-2,0.4680617,False
907,0.21276975,0.85930216,0.49952495,False
906,-0.105035305,0.7657622,-0.71183765,False
905,0.9456947,0.7001395,-0.24690926,False
904,0.44626224,0.5154358,0.6037867,False
903,0.25522065,-0.8189992,-0.5907161,True
902,-0.8618312,0.17959177,0.9254292,False
901,-0.49064362,-0.4457649,-0.6105654,True
900,-0.52750945,0.3665216,-0.9168179,True
899,-0.9659507,-0.38236964,-0.26196325,True
898,0.9852464,0.41114748,0.39378083,False
897,0.26692557,5.932975e-2,0.9870436,False
896,8.090067e-2,-4.194212e-2,0.14124846,False
895,-0.72437453,0.88582647,-0.5737195,False
894,0.15876663,0.99277985,0.8934581,False
893,-6.889272e-2,0.19656074,0.42479026,False
892,-0.3375914,-0.82649314,0.89012027,True
891,-0.46650326,-0.8093014,0.15663636,True
890,0.8908485,-0.33986294,0.6061554,False
889,-0.91001284,0.39664495,-0.3044622,True
888,6.347513e-2,0.10613644,-0.270499,True
887,-0.26903296,-0.75944006,-6.316173e-2,True
886,0.9135324,-0.48385966,0.5637399,False
885,0.29438293,0.84403634,-0.90023565,False
884,0.20944071,0.4646454,-0.90093136,True
883,0.76577115,-0.50251055,-0.36451924,True
882,-6.0867786e-2,0.5704268,-0.9903641,True
881,0.7664331,-0.7679881,-0.94670117,True
880,-0.55954397,0.109711885,0.18355763,False
879,0.6786301,-0.91185546,0.37950873,True
878,-0.49257064,-0.3979565,-0.7834958,True
877,-0.20661712,-0.8222208,-0.18083823,True
876,-0.86199033,0.5027416,0.46548247,False
875,0.24273515,6.617248e-2,-0.9183496,True
874,-0.6745063,0.28502166,-0.6824006,True
873,-0.5568857,0.52529395,-0.57336175,True
872,0.443511,-8.20986e-2,-8.037686e-2,False
871,-0.25686455,-0.13921642,0.792729,False
870,-0.6994389,-0.8183217,0.13059366,True
869,0.152753,-0.62677014,-0.26915562,True
868,-0.56561863,0.18020022,-0.25826204,True
867,-0.62407243,0.7470772,-0.679337,True
866,0.32116377,0.7359296,0.7648419,False
865,-0.8547503,-0.6543007,-0.48262727,True
864,-0.3183918,0.5748874,-0.8706492,True
863,-0.14454114,0.70905364,-0.59752154,False
862,0.18313777,0.75799024,0.6671319,False
861,0.9233763,-0.45638013,0.2583251,False
860,0.7936319,-0.94365275,0.7606375,False
859,-0.2271539,0.7098303,0.67497396,False
858,2.3853898e-2,-0.31343925,-0.3103584,True
857,-0.7896178,-0.5931033,0.7290181,True
856,-0.62123644,0.5028821,-0.89263415,True
855,0.5743698,0.7827575,0.27753186,False
854,9.640229e-2,-0.6145053,-0.31673217,True
853,0.8440201,-0.62982535,-0.45251858,True
852,-0.20398617,-0.525326,0.21949816,True
851,0.29729486,0.2240665,-0.99224734,True
850,0.6307533,-0.61234033,0.24478269,True
849,-0.44388652,-0.8290837,-0.13546944,True
848,1.3466001e-2,0.8529829,0.6499504,False
847,0.8216561,2.3913264e-2,3.0317545e-2,False
846,0.85296154,-0.830457,-3.183818e-2,True
845,-0.7522727,-0.49950552,0.112828135,True
844,0.47909617,0.53257334,0.86724424,False
843,0.5708909,0.3744707,-0.19043541,False
842,0.7315091,0.9438292,0.7467489,False
841,0.38699198,-0.5640638,0.15821576,True
840,-0.9417378,0.5742471,-4.848683e-2,False
839,-4.139781e-3,-0.2787423,0.16284466,True
838,0.60786664,-0.54359686,0.75297654,False
837,0.60157275,-0.69594705,-0.8579186,True
836,0.14085162,-0.8201308,-0.92009103,True
835,0.49325562,-0.8762207,-0.8467845,True
834,0.79719555,0.8082626,-0.5704169,False
833,-0.11220443,-0.76651394,-0.8572786,True
832,0.49264216,0.31647646,0.78670895,False
831,-8.4801674e-2,-0.19776905,0.6262984,False
830,-0.42295992,0.16515326,-0.95731854,True
829,0.4258914,0.65162396,-0.14768934,False
828,-0.24636841,0.6685966,0.40901554,False
827,-0.31284714,0.33988428,0.78294337,False
826,0.44030046,0.77796555,0.32618082,False
825,-0.8114915,0.83361506,-0.7462398,True
824,0.463058,0.13869,0.96380925,False
823,0.75973487,-0.19950676,-0.9649596,True
822,0.8499863,-0.9237956,-0.9474664,True
821,-0.2675103,-0.53600407,-0.89745057,True
820,0.46971858,-0.29965913,0.71596575,False
819,-0.9315218,0.54175115,-0.21024895,True
818,0.4788555,0.78735495,-0.77087736,False
817,-5.731678e-2,-0.27749443,0.46239984,False
816,0.3831303,0.2549572,-0.34730864,False
815,0.8799132,-0.43559432,0.51664877,False
814,-0.923363,0.12826598,0.4707172,False
813,-0.48708415,0.31003368,0.45524788,False
812,-1.298368e-2,-0.96874785,7.0382e-2,True
811,-0.13279653,0.76623714,-0.18647969,False
810,0.60239244,0.45391607,0.19924724,False
809,-0.42799342,0.1304369,0.79739904,False
808,5.0090075e-2,-0.30985034,-0.3488232,True
807,0.30020797,-0.7156178,0.2442671,True
806,0.45869267,7.5163245e-2,-0.8486049,True
805,0.7690475,5.7339072e-2,0.66887295,False
804,0.43177974,0.85961163,4.7578335e-2,False
803,0.73457015,-0.7557117,0.8116561,False
802,0.1890558,-0.9606459,-0.14132845,True
801,0.117307305,-0.80251765,-0.41106904,True
800,0.63345134,0.21574175,0.104631186,False
799,-0.36150777,0.24420464,-0.36422682,True
798,0.13136709,-0.9302062,-0.32136607,True
797,0.50701463,0.17729998,0.7766756,False
796,0.6059022,-0.22847855,-0.5284709,True
795,0.8336127,0.6324949,0.48490143,False
794,-0.52370286,4.6215177e-2,-0.76461697,True
793,0.85577774,0.32591712,0.81600773,False
792,0.76333606,0.17217255,-4.8407793e-2,False
791,0.12962615,-0.66384125,-0.6385375,True
790,4.067874e-2,0.24673808,0.611976,False
789,-1.1372924e-2,0.5407319,0.63101685,False
788,-0.3903644,0.85192025,-0.5308839,False
787,0.34239268,-0.20473313,0.20807171,False
786,-0.8399495,-0.78561056,0.69878066,True
785,0.72941804,0.88265264,-0.9439142,False
784,-0.3145548,4.322374e-2,-0.59311295,True
783,-0.20570624,-0.8894402,-0.3678925,True
782,-0.7402779,0.12902033,-0.5937339,True
781,-0.32325006,0.9890802,0.8782755,False
780,-0.7727841,0.8660017,-0.16701639,False
779,-0.61722493,0.34130907,-0.43725395,True
778,0.7782974,0.37163842,-0.63518775,False
777,0.76542544,0.77252924,-0.18761933,False
776,-0.46805036,0.6102301,0.13874257,False
775,-0.32892156,-0.63519895,0.3205347,True
774,-0.38921595,-0.47631192,-0.27920735,True
773,0.6943145,0.1407491,0.46899605,False
772,-4.806459e-2,0.58902764,0.51907766,False
771,5.747676e-3,-0.7330557,0.71817636,True
770,0.16439283,0.5805564,0.95903707,False
769,-0.64952755,0.20785761,0.2750411,False
768,-0.16672385,-0.9920591,-0.69332004,True
767,-0.33736897,-0.7106259,-0.19624877,True
766,0.92936194,-0.84134364,-0.54909134,True
765,0.46168315,0.23660803,0.49742937,False
764,0.74161506,0.4111042,0.47859323,False
763,0.21798372,-0.30490613,-0.61310184,True
762,-0.9749962,0.48623955,-0.14751542,True
761,-0.40128016,-0.19172716,0.5990133,False
760,-0.296744,-0.37819898,0.5354719,True
759,-0.37954628,0.20460308,-0.4508772,True
758,0.2757876,-0.38598418,0.83007157,False
757,-0.3138107,0.9603611,-0.33592474,False
756,-6.151569e-2,8.388758e-3,-0.97991955,True
755,0.93520045,-0.15596163,-0.76071596,True
754,0.48636913,0.83194125,3.373778e-2,False
753,-0.119506836,0.78034055,0.7181388,False
752,-0.751768,-0.6099725,0.92357874,True
751,0.31565762,0.8927978,0.1338805,False
750,0.2883768,0.33755624,-0.85441697,True
749,0.9232849,0.5270345,-0.9558815,False
748,0.64328825,-0.41040444,-0.45114148,True
747,0.3011334,-0.9204613,-9.3046546e-2,True
746,-0.7732127,0.26905668,-4.935062e-2,True
745,0.21253502,-3.2707453e-3,0.7298565,False
744,0.5527545,0.8480443,6.466472e-2,False
743,-0.36277807,0.49059677,-0.9994929,True
742,0.8491552,0.874436,-1.8870115e-2,False
741,9.518826e-2,-0.7293426,-0.11832428,True
740,0.29807615,0.1878897,0.5156503,False
739,0.8006718,0.37017035,0.4554708,False
738,0.115294576,-1.7482758e-2,0.7954707,False
737,-0.9476236,0.12737381,-0.56021285,True
736,-9.57917e-2,-0.9647734,-0.73844075,True
735,-4.9467802e-2,6.843102e-2,-0.4362477,True
734,-6.1484694e-2,0.3966205,-9.5454335e-2,False
733,0.99913526,-0.27245212,-0.8859539,True
732,-0.7926123,0.27795517,4.9514174e-2,True
731,-2.9060125e-2,-0.4433354,4.3041587e-2,True
730,-8.9741945e-2,0.38755322,-0.1840421,False
729,-0.8745842,0.8517815,-0.8075026,True
728,-1.35035515e-2,0.49517024,0.24917138,False
727,0.53992283,-0.37409163,3.540039e-3,True
726,0.41381574,-0.7228116,0.25030982,True
725,0.75090325,-0.8757901,-0.8064015,True
724,0.2059474,-0.4548694,-0.29690838,True
723,-6.525004e-2,-5.769813e-2,0.5172374,False
722,0.12318742,-0.772771,0.54129386,True
721,3.2845974e-2,-0.6611122,-0.5198276,True
720,-0.1890217,-0.44422257,-0.64766395,True
719,-6.617069e-2,-0.41390526,0.6905725,False
718,0.21569502,-0.5367484,0.14826787,True
717,-0.48738945,-0.28567958,-0.88773656,True
716,-0.89264655,0.46752357,0.22999132,False
715,0.41730928,0.43776512,-0.5517187,False
714,0.85193384,-0.71601737,-0.15750885,True
713,-0.85985196,-0.85360587,-8.744323e-2,True
712,0.47418928,0.32171392,-0.8368552,True
711,6.464851e-2,-0.17614138,-0.97765756,True
710,0.43571424,-0.32329988,0.21871626,False
709,0.34771883,0.222803,0.23622763,False
708,-0.26484406,0.18012583,0.92715275,False
707,-0.7831664,-0.12654889,-0.57112217,True
706,-0.5404279,0.8757565,-0.9684142,True
705,-0.45570493,0.91038203,8.4852815e-2,False
704,0.48293817,0.478724,0.16540253,False
703,-0.43459666,-0.12682605,-0.7721456,True
702,0.68768024,0.75192726,0.121854305,False
701,0.44088852,-0.9980632,0.82308507,True
700,-0.397372,-3.36864e-2,-0.98366797,True
699,0.64276147,-0.4047892,-0.4081956,True
698,-0.6656594,3.0534267e-2,6.087601e-2,True
697,-0.92211485,-0.4190004,0.2647773,True
696,-0.86435664,-0.93225133,0.23533392,True
695,0.16316068,0.48932636,0.82693434,False
694,-0.66867864,-0.88687956,1.9922018e-2,True
693,0.29488218,-0.85317373,-0.1138736,True
692,0.9056256,-0.42557764,0.40144062,False
691,-0.71725786,0.94524634,-0.7598398,True
690,-0.3099748,-0.8278489,-0.8941623,True
689,-0.7553395,-0.15662563,-0.60193443,True
688,-0.45774353,0.2797432,0.35880876,False
687,-0.3238281,0.83769083,-0.5177833,False
686,0.5348308,0.6716986,0.98628974,False
685,0.4879371,5.9569716e-2,-0.9939183,True
684,0.86910546,-5.108118e-4,-0.31653142,False
683,-7.3343515e-2,0.48242354,0.3596692,False
682,0.8426504,0.7745551,-0.80592966,False
681,0.89840436,-0.1964978,0.810313,False
680,0.8820058,0.989521,0.98978996,False
679,-0.81234837,0.99044645,-0.23185003,False
678,-0.9556395,0.3815732,-0.8143134,True
677,-0.53092647,-0.11014676,6.521869e-2,True
676,-0.13452744,0.36197007,0.82723594,False
675,-0.7123287,-0.5533464,0.7224121,True
674,-4.4534445e-2,-0.42380166,-0.42433035,True
673,7.453966e-2,0.780918,0.5515832,False
672,0.24400353,-0.31127715,0.6132711,False
671,0.126014,0.6596575,-0.53609335,False
670,0.8784926,-0.43485415,-0.92863,True
669,0.48398638,-2.4212122e-2,7.183194e-2,False
668,-0.7349355,0.5529797,0.2670474,False
667,0.35949874,0.48732483,-0.88944376,True
666,7.386541e-2,-0.31768477,-0.3839134,True
665,0.83390486,0.7914789,0.7075287,False
664,-0.59745026,-0.7696961,-2.3586392e-2,True
663,-0.38507855,-0.7156038,0.5776124,True
662,-0.22739291,-0.7131237,-0.5816523,True
661,-4.348147e-2,0.29045355,-0.65239036,True
660,0.32695246,0.76704586,0.3045436,False
659,0.65948236,0.30623126,-9.945786e-2,False
658,0.8599975,-7.148647e-2,-0.85059464,True
657,0.8293383,0.37736607,-0.5206882,False
656,-0.74642,0.85406387,0.62799025,False
655,-0.64745975,0.7576854,-0.16277277,False
654,1.6224623e-2,0.29027164,0.3474493,False
653,-0.8199457,0.49626112,0.14198422,False
652,0.5890833,0.35397172,-0.9719516,True
651,-0.51054263,0.4912455,-0.4065249,True
650,-0.34382117,0.587095,-0.15932405,False
649,-0.72321427,0.76846445,-0.32003057,False
648,0.15450668,4.0210366e-2,2.6336074e-2,False
647,-0.67255473,-0.61912644,0.80585337,True
646,0.5132253,0.34796965,-0.6534153,True
645,-0.77464616,0.2745223,0.6658547,False
644,0.79416597,-0.5258317,-0.25994134,True
643,0.53742445,-0.6649674,0.3057052,True
642,-9.877586e-2,0.7267078,-0.62727547,False
641,5.8707e-2,-0.2858845,-0.6276171,True
640,0.3601489,0.8655207,8.705461e-2,False
639,0.71372354,-0.3544098,-0.5965991,True
638,-0.3056991,0.108700275,0.9402822,False
637,0.58205664,0.2931502,0.22183096,False
636,0.85693824,0.9043914,-0.25311136,False
635,-0.21169102,0.42238033,0.8366517,False
634,-0.20363486,-0.48805928,-0.7285733,True
633,-0.6244929,0.33065903,-7.737374e-2,True
632,0.5190394,0.27073586,-5.0209165e-2,False
631,-0.7479688,-0.8862449,5.6807995e-3,True
630,0.8194405,-0.45895863,-0.66881,True
629,-0.38266134,0.6006609,-0.22872865,False
628,0.82018065,0.9942974,4.8184395e-3,False
627,-0.1302414,-0.76339674,-0.3410045,True
626,-0.67092,-0.2976923,-0.56629324,True
625,-0.5353719,0.536126,-0.22636032,False
624,0.51725566,0.26144958,-8.313358e-2,False
623,0.3765409,0.75250447,-0.57523465,False
622,-0.3111596,-0.78616834,-0.45762038,True
621,0.15908217,0.45518327,0.14695227,False
620,0.47675097,0.3490926,-0.76728404,True
619,0.21528566,0.11551201,0.6200781,False
618,0.96433663,-4.7995567e-2,0.1994605,False
617,0.18156171,0.6462754,-0.87885976,True
616,1.02620125e-2,0.8001499,-0.55026364,False
615,0.6614586,-0.36903965,0.31702042,False
614,0.44363523,0.11167753,0.3114227,False
613,0.82317233,-0.99610865,4.7136188e-2,True
612,-0.80598855,0.64432514,-0.2078259,False
611,-0.17407525,0.7281257,0.9894253,False
610,-0.8551183,-0.7579899,0.24690878,True
609,-0.99692667,0.40700603,0.64317155,False
608,3.2351375e-2,0.42697155,-0.91068864,True
607,0.8887893,0.17327988,0.289397,False
606,0.45638788,-0.6301378,-0.55346537,True
605,0.45579386,0.58013546,-0.6330434,False
604,-0.52623,-7.8137994e-2,-0.84334993,True
603,0.27882254,-0.8465904,-0.9213724,True
602,0.66302836,0.4385928,0.7031758,False
601,-0.9256247,-0.9037682,0.13470817,True
600,-0.118124485,-0.13815236,0.15537739,True
599,-0.30613756,0.43312895,0.6239742,False
598,-0.10295558,0.9740324,0.30870998,False
597,0.53926194,0.8475392,0.59178543,False
596,0.38573694,0.80384314,-0.2518965,False
595,0.81775236,0.41522157,0.15114069,False
594,-0.789544,0.3927014,-0.57820284,True
593,-0.40604985,-0.69565666,0.99458957,False
592,0.974661,0.58776975,-0.156631,False
591,-0.9926647,0.35070765,0.50453234,False
590,-0.3834337,0.26643968,0.86561537,False
589,0.8612417,-0.54289925,0.12265551,True
588,-0.61000466,-0.19469678,0.43279707,True
587,-8.4492326e-2,0.37815714,0.83983815,False
586,-0.7334564,-0.71886146,0.5670732,True
585,-0.37277126,-0.97161865,-8.7210774e-2,True
584,0.59488976,0.7208128,-0.41812086,False
583,0.9054748,-0.2830341,0.9809021,False
582,0.21574521,-0.57964766,-4.4323802e-2,True
581,0.2684096,0.27405906,-0.21972203,False
580,-0.90261877,-0.8196025,0.4958763,True
579,-3.0659437e-3,-0.45343173,0.5011059,False
578,-1.927483e-2,0.8272028,-0.4838587,False
577,-0.41282916,-0.6230345,0.6682024,True
576,0.7443402,0.43656015,0.24434638,False
575,0.1568762,-0.43037343,-0.6819464,True
574,1.6680956e-2,-0.99207556,-0.8545816,True
573,-0.5088723,0.4817121,0.85478354,False
572,-0.24539518,-0.53486717,-0.5299008,True
571,-0.11713076,0.43774152,0.7656299,False
570,0.73632896,-0.734126,0.4793439,False
569,0.21846199,-5.2817464e-2,0.44774532,False
568,-0.8347254,-0.5963477,-0.76217544,True
567,-1.5589833e-2,-0.44238997,0.257241,True
566,-0.36206686,-0.616644,-0.8810729,True
565,0.8250619,0.37023854,-0.71921873,False
564,-0.5274534,-0.63002264,0.75518584,True
563,-0.7804444,-0.7430215,0.7970395,True
562,0.93191373,0.3716619,-0.49453926,False
561,-0.3673091,0.19526827,-0.8303778,True
560,-0.32034445,0.38931966,-8.699179e-3,False
559,0.9477873,0.19541681,0.43504512,False
558,0.26221144,0.9972414,-0.41999352,False
557,-0.18634295,-0.766008,0.78433716,True
556,-0.99416494,-0.30168402,-0.9914305,True
555,0.60791016,-0.9917495,-0.8323655,True
554,0.8043754,0.90357506,0.60841155,False
553,0.58771634,-1.8366456e-2,-0.35048497,True
552,-0.39889014,0.8250414,0.15830803,False
551,0.5378009,-0.5544709,0.5573472,False
550,0.9810195,0.64085364,-0.31824374,False
549,-0.93419504,0.84444034,0.6448171,False
548,0.5419353,0.5019816,0.33877885,False
547,0.936609,-0.3730862,-0.63441324,True
546,0.68291104,-0.23508191,0.33896303,False
545,-0.7604065,0.8633559,-0.10846174,False
544,-0.8551682,-0.39943087,-0.12871659,True
543,0.32701862,-0.85045135,0.27312136,True
542,0.9316783,-0.9217808,-0.35640788,True
541,9.93464e-2,-0.9674065,-0.1301583,True
540,0.6793307,-0.11047375,-0.68589854,True
539,0.7888167,-0.1818564,-0.57815635,True
538,-1.9582748e-2,-9.7288966e-2,-0.49877834,True
537,0.4699701,0.27109444,0.644281,False
536,-0.29636848,0.7824209,0.20290184,False
535,0.6650561,0.8915795,0.37555158,False
534,-0.5599247,0.34548604,-0.11650312,True
533,-0.2185111,0.65384173,-0.67231655,True
532,-0.9323052,3.9341927e-2,0.75197434,False
531,-0.42677128,-8.697152e-2,-0.8755425,True
530,-0.8999139,0.37882304,0.2619431,False
529,-0.7290801,0.7319925,0.58171797,False
528,-0.6897614,0.54926443,0.6933694,False
527,-0.6661422,9.07439e-2,-0.15033293,True
526,-0.4740466,-0.45883918,-0.5762278,True
525,-0.5746398,-0.7613815,-0.4220755,True
524,0.42433512,0.94852185,0.43553424,False
523,-0.55172074,0.15486836,-0.8733958,True
522,0.1518172,4.3490052e-2,0.87482345,False
521,-0.23566532,-6.9811225e-2,0.7347982,False
520,0.5610291,-0.32689536,-0.9884299,True
519,0.32340312,0.39663684,-9.5549226e-2,False
518,-0.10910499,-0.28269172,0.7116442,False
517,0.78027964,-0.7133893,-0.42742205,True
516,-0.43852055,-0.7914642,0.7091116,True
515,-0.37476337,0.17389643,-0.20951676,True
514,-0.684538,-0.6065502,0.16266978,True
513,0.6176311,0.24318314,4.7189713e-2,False
512,0.38800323,0.14748132,-0.31060123,False
511,-0.7062062,-0.44268703,0.20237017,True
510,-0.9578191,0.21589315,-0.14574337,True
509,-0.49594283,-0.19520855,2.6683569e-2,True
508,0.8698894,9.103024e-2,0.3947184,False
507,-0.64666307,-0.15911031,-0.32263362,True
506,0.26554096,-0.5464412,-0.14420068,True
505,5.0539374e-2,-0.723487,-0.9054005,True
504,-0.30307508,-0.740304,0.26710534,True
503,-0.46945763,-0.5787101,0.64905274,True
502,-4.7118068e-2,-0.6895789,-0.40023553,True
501,-0.40927792,0.39512432,0.82368803,False
500,0.4600066,5.7516098e-2,-0.6162019,True
499,0.32015014,-0.5423738,-0.6385189,True
498,0.6084037,0.48578095,0.6650803,False
497,4.4207096e-2,-0.43994892,0.36808264,True
496,0.7477484,-0.9087038,-0.4487604,True
495,0.56094766,0.33307278,-0.49870253,False
494,0.90582645,-0.68329906,0.8851303,False
493,-0.40702236,-0.2955382,-0.37582135,True
492,0.95597017,0.40893257,0.6913668,False
491,5.5667758e-2,0.9024869,-0.5556501,False
490,-2.5983572e-2,-0.81168926,0.13805926,True
489,-0.85657156,0.93382835,0.23719728,False
488,-0.5121161,-8.53281e-2,8.2292914e-2,True
487,-0.35192525,0.5053624,-0.15422535,False
486,0.21765828,0.72654164,0.6585927,False
485,0.5368278,0.65557265,-4.486704e-2,False
484,0.21873677,-0.56529796,-0.44633353,True
483,-0.49608183,-0.1898508,0.66440535,False
482,0.2743212,7.0590496e-2,8.6969376e-2,False
481,0.71383214,-7.257187e-2,0.75306726,False
480,-3.4940124e-2,0.17307663,-0.23658943,True
479,-0.35188603,-0.13974285,3.6411285e-3,True
478,0.37471437,-0.13979578,-0.40721488,True
477,-4.780066e-2,0.5034101,-0.27592874,False
476,-0.91595876,0.5082493,-5.355358e-3,False
475,-0.7029797,-0.26493442,-0.6023632,True
474,-0.25749242,0.49109924,0.60719717,False
473,0.12876153,0.86224365,-0.60141075,False
472,-0.84867144,-0.56109023,0.8076149,True
471,-0.628566,0.6778971,0.5289428,False
470,-7.661724e-2,-0.64560366,0.5476881,True
469,0.36226666,-0.87423027,0.33739424,True
468,0.65065265,-4.7053456e-2,-0.8736019,True
467,-0.4206128,0.4322685,0.37434876,False
466,4.6468616e-2,0.7532369,-0.64823294,False
465,-0.4293841,-0.106318235,0.32058775,True
464,0.10348356,7.048607e-2,-0.5274515,True
463,0.18980742,0.6698586,-0.8608849,True
462,0.88370466,-0.46213186,-0.8445611,True
461,-0.19135523,-0.44106984,-0.5183035,True
460,0.42832708,0.18990254,0.7400167,False
459,0.22913826,0.47399354,5.1578283e-3,False
458,-0.44714308,-0.6599592,0.98382044,False
457,0.43591392,-0.5084244,-0.56549895,True
456,0.63211644,-0.47440076,0.8952941,False
455,-0.9565798,0.8398547,0.16834879,False
454,-0.71786916,0.43967545,0.24027598,False
453,7.6137066e-2,-0.18199134,0.6257849,False
452,0.47019887,0.94484055,0.1502757,False
451,-0.80549586,-0.45537305,-0.15736187,True
450,-6.9869995e-2,-0.21632862,-0.8349341,True
449,-0.7411876,0.5216602,0.33451724,False
448,-0.2986977,-0.32817066,0.9281019,False
447,-0.323341,-0.38185954,0.98728585,False
446,-0.8222536,-0.24842119,0.2146306,True
445,-0.16166544,0.22820842,-5.9818268e-2,False
444,-0.2697811,-0.77313507,-0.4145707,True
443,1.4909625e-2,0.2851578,0.35699236,False
442,0.15545249,-0.30477083,0.10449457,True
441,9.689689e-2,2.7691126e-3,0.13377309,False
440,0.14186251,-0.20080948,1.1914134e-2,True
439,0.55251586,-0.9929458,0.7700064,True
438,5.45758e-2,0.20119596,-0.27044022,True
437,0.43860364,-0.102452874,0.28853345,False
436,-0.2061379,0.72506857,-0.18639171,False
435,0.580114,0.6070055,0.6742934,False
434,-0.32107878,0.51863647,-0.27945244,False
433,0.70377314,0.38178825,0.59823143,False
432,4.7394395e-2,0.6507257,-0.75387883,True
431,-0.9317535,4.205799e-2,-0.71114814,True
430,-5.188775e-2,-0.4053825,0.48987448,False
429,6.4079046e-2,0.5376847,0.9392117,False
428,-0.17222309,-0.7507838,0.58785164,True
427,-0.6411959,-0.2617699,0.6888125,False
426,-0.76788926,0.78485644,-0.81794226,True
425,-0.77796376,0.16955376,-0.50272286,True
424,0.5654075,0.27836335,0.77616715,False
423,-2.6448488e-2,0.63640976,0.47578132,False
422,0.7857287,-0.9026823,-0.38830602,True
421,0.6010083,0.9096997,-0.34530675,False
420,0.9096354,-0.48843586,-0.61434495,True
419,0.5443411,-0.98554444,0.37970662,True
418,0.2974373,-0.25144958,-0.6079087,True
417,-9.3440294e-2,-0.56438756,0.15546036,True
416,0.9827361,-6.60851e-2,-0.91226256,True
415,-0.5233419,-0.2876209,0.4954759,True
414,-2.6435852e-2,-0.30567312,-0.23221147,True
413,6.588912e-2,0.38068438,-5.8615685e-2,False
412,-0.59740174,-8.127129e-2,-0.9934906,True
411,0.23952174,0.9835583,-0.68499875,False
410,0.98443663,0.97192407,0.22379422,False
409,0.6600596,-0.55820835,0.24659872,True
408,8.272874e-2,-0.81947744,0.16298878,True
407,0.13960528,-0.91143394,-0.3097453,True
406,-0.38801098,2.4264932e-2,-0.237723,True
405,-0.85524607,0.6258414,-9.039962e-2,False
404,0.7048037,-0.55878806,-3.733182e-2,True
403,0.45915043,-0.6899301,-0.28607666,True
402,-0.918079,0.4101622,-0.15870011,True
401,0.24013448,-0.95970297,-0.6270573,True
400,-0.9762596,0.34551942,-0.41553414,True
399,-0.64127314,0.6262735,-0.14437473,False
398,-0.5171149,-0.8973495,-0.8701799,True
397,-0.57591593,0.9405687,-0.38626635,False
396,0.85905385,0.43347132,-0.44663048,False
395,-0.6233475,0.44541502,0.5170804,False
394,-0.9794184,0.14290738,-0.7745224,True
393,0.39972508,-0.5127423,-0.24524856,True
392,0.53930795,0.240682,0.8410418,False
391,-0.75477016,0.7749615,-0.55372167,True
390,0.9754778,0.5654907,-6.1349034e-2,False
389,-0.25056744,-0.17033148,0.64600027,False
388,-4.4841766e-2,0.38513303,0.42175436,False
387,0.5958437,0.5442848,-0.24551845,False
386,-8.565879e-2,0.5949763,0.30578375,False
385,-0.13308871,0.13744628,0.52205765,False
384,0.80191076,-0.7246269,5.3071022e-2,True
383,-0.44370914,-0.19583356,-9.264004e-2,True
382,0.73924875,-1.670587e-2,0.88334787,False
381,-0.80289745,0.4747672,0.75805306,False
380,-0.86720526,0.6383718,2.8124452e-2,False
379,-0.54833686,0.8852335,-0.40581393,False
378,-0.2880565,0.8486031,-0.62586856,False
377,-0.3500247,-0.16507554,-0.51675093,True
376,0.92030585,-5.0863624e-2,0.18182862,False
375,0.54401124,0.99722123,0.8870063,False
374,0.84662616,-0.7587093,0.5985719,False
373,-0.84745,0.10269117,0.290509,True
372,0.8923955,0.8263861,6.5591335e-2,False
371,-0.36067235,-4.4262648e-2,0.7557081,False
370,0.8790258,0.7128937,0.9158523,False
369,0.9901538,0.7139243,0.6277399,False
368,-5.554235e-2,0.83128333,-0.4276284,False
367,-0.7137097,-0.3999846,-0.8556489,True
366,-0.9113159,0.53335905,0.29174018,False
365,-0.5185008,4.4476986e-3,-0.85163355,True
364,0.6359105,0.23814332,0.21386695,False
363,0.37257028,-0.66988814,0.578068,False
362,0.14258361,-0.96891046,0.3059765,True
361,0.23003447,-0.21716893,0.9266635,False
360,-0.34644198,-0.46634936,-0.6185448,True
359,0.46894026,-9.595442e-2,-0.32700455,True
358,-0.91285956,0.150774,6.2329173e-2,True
357,0.44979692,0.37238324,0.7333201,False
356,0.683427,0.5099876,-0.92287064,True
355,-0.8481072,0.30456114,0.14053428,False
354,-0.3145051,0.5582491,0.16776252,False
353,0.57591987,-0.1469456,0.17802155,False
352,0.83859754,-0.6035361,0.82926905,False
351,0.8292141,0.5213069,0.4575218,False
350,-0.919804,-0.36660612,-0.6713916,True
349,-0.6370181,0.8365401,0.724372,False
348,0.10016477,-0.8673886,-0.41751122,True
347,-0.6436595,-0.41805136,0.15895283,True
346,-0.14752984,0.8401568,0.7403798,False
345,0.23008788,0.8696072,-0.6005665,False
344,0.64364564,0.47971177,-0.32107472,False
343,-7.497132e-2,-0.27741432,-0.11699891,True
342,-0.35188222,-0.3257501,0.26793468,True
341,-0.102206945,0.46755302,-0.5556389,True
340,0.38241708,-0.32158387,0.8576243,False
339,-0.955004,-7.614684e-2,-0.21861804,True
338,-0.8237295,0.7909875,0.34993994,False
337,-0.2927233,0.43698323,-0.27497768,False
336,-7.8998685e-2,-0.52560484,0.97752285,False
335,0.2679906,-0.8685659,0.58807623,True
334,0.9758049,0.42184532,0.57536495,False
333,-0.37129128,-0.1811974,0.813563,False
332,0.9449706,-0.9736713,0.4161117,True
331,-0.8067323,0.9501554,0.77860856,False
330,-0.17436123,0.5912193,0.2985885,False
329,-0.23700237,0.37184727,0.39394474,False
328,-7.0702195e-2,0.38803077,-0.19754219,False
327,0.9034835,-1.6747355e-2,0.18801355,False
326,-0.7869679,0.3973179,0.5709102,False
325,-0.6519989,7.1742535e-2,-0.3494203,True
324,-0.78140056,0.5481932,0.45897353,False
323,0.7755662,0.72942317,-0.7071061,False
322,-0.41525352,-0.448411,6.6031575e-2,True
321,0.12731874,-0.9299344,0.9460163,False
320,-3.6022663e-2,0.22294796,1.62915e-2,False
319,0.7353519,-0.91122127,-0.1978029,True
318,-0.1591177,-0.6791856,-0.15199172,True
317,0.14599955,-5.946648e-2,-0.3809551,True
316,2.3819685e-2,0.49946225,-0.29819632,False
315,-0.70900285,-0.85484684,-0.78760386,True
314,-0.7457032,-0.62456656,0.60692835,True
313,0.7578428,-0.36860108,0.24411821,False
312,0.6215763,0.20938122,-0.9213903,True
311,-0.73020804,-0.38969374,0.18934405,True
310,-0.14850903,0.8410698,-0.36359608,False
309,-0.55519676,0.8769809,0.2721033,False
308,-8.517444e-2,-0.16180253,-0.10359633,True
307,-0.8362216,0.12166715,0.8831873,False
306,0.30018592,0.64447856,-0.9881842,True
305,-0.52447546,-0.62744915,0.9626967,False
304,0.46514034,-0.5443771,-0.5117049,True
303,0.34542632,-0.42540026,-0.45168304,True
302,0.779446,0.7393551,-0.69234765,False
301,0.9666182,0.59469354,-0.45206976,False
300,0.38720727,0.85915875,0.8936925,False
299,0.20326734,0.841395,0.91166174,False
298,-1.7647743e-3,-0.571929,0.7355659,False
297,-0.3155651,0.31731164,9.3363404e-2,False
296,0.6982845,0.79450476,-2.6528358e-2,False
295,-4.077959e-2,-0.5128982,8.672023e-2,True
294,-0.13831198,-0.87988806,2.548492e-2,True
293,-0.8479042,-0.95442903,-0.60416484,True
292,0.8552942,-0.4836291,-0.91579866,True
291,-0.900046,0.90192103,-0.4170841,False
290,0.31785083,0.31805563,0.39196837,False
289,-0.5095267,-6.90006e-2,0.62222207,False
288,0.782038,-0.26551068,0.95153,False
287,-0.63495517,-0.47730327,0.4277501,True
286,-0.745867,-0.1820414,-0.6829288,True
285,0.49029076,-0.95703673,0.1381613,True
284,-0.89046526,-0.71202695,-6.230676e-2,True
283,0.577016,-0.26255167,-0.62396145,True
282,0.887925,-0.53894615,0.11481726,True
281,-0.33330393,-0.6020545,0.96988523,False
280,0.6405325,0.46971643,-0.44211066,False
279,-0.21079135,-0.91684926,-0.41290104,True
278,-0.7462902,-0.6259115,-0.275715,True
277,0.45272684,0.93270564,0.85597813,False
276,-0.8145683,1.1178255e-2,0.52010584,False
275,-0.9490262,0.8936069,-0.118044734,False
274,-0.80217445,0.5754316,0.81371915,False
273,0.72219384,-5.2556515e-2,-0.7046993,True
272,-0.13209915,-0.5113629,-0.52307165,True
271,-0.12868416,-0.5466479,-0.72178864,True
270,-0.92243886,-0.5676898,0.8595581,True
269,0.59578204,-0.8507818,0.8497671,False
268,0.7148261,0.21418464,8.411121e-2,False
267,-0.30841565,-0.6124439,-0.58078265,True
266,0.97294295,-0.2027359,-0.6703235,True
265,0.8402933,-0.5327884,-0.4855802,True
264,0.29579723,0.18470907,4.9407005e-2,False
263,0.75236917,-0.95822656,7.785678e-2,True
262,0.19698739,0.28969932,0.21918046,False
261,-0.86306,-0.6931579,-0.69767034,True
260,-0.18353081,0.4999764,-0.6677631,True
259,-0.31975865,0.19911504,-0.99427676,True
258,0.43114448,-0.17732882,-0.7314861,True
257,-0.25376225,0.32404864,0.16641545,False
256,-0.1913985,-0.8427129,0.97010005,True
255,-0.36214864,0.9348273,0.29937696,False
254,0.5399662,-0.66831374,0.31318784,True
253,0.9675896,0.5456666,-0.66207194,False
252,0.812876,-0.11597109,-0.81320953,True
251,-0.27567816,-0.7930548,-0.5429219,True
250,0.256621,-0.2209177,0.8213655,False
249,0.85362923,0.45732796,-6.7726016e-2,False
248,0.7013,0.9150568,0.18058586,False
247,-0.82886875,0.86038995,-0.28761232,False
246,0.254184,0.20495868,0.42675388,False
245,-0.27168357,-0.37379038,-0.8865937,True
244,0.14751482,0.45290244,0.99600255,False
243,0.9833875,-0.8248427,-0.74309635,True
242,0.5861198,0.54274523,-0.13239801,False
241,0.7529427,-0.8232924,0.14738464,True
240,0.6082182,-0.5575162,0.16852713,True
239,0.6596776,-0.6554285,0.80626,False
238,-4.874587e-3,-0.95156276,-0.2018491,True
237,0.30096018,0.50665367,-0.42539728,False
236,0.9746418,0.44234145,0.5962707,False
235,-0.87382317,-0.46636856,-0.7312435,True
234,-0.8679496,0.43535197,0.1445576,False
233,0.85936487,-0.8126116,-0.9396858,True
232,-0.84212244,-0.36145818,0.3034953,True
231,-4.3702483e-2,-0.19982183,0.99801123,False
230,-0.9095379,-0.8144498,6.0918212e-2,True
229,-0.9987838,-0.5340576,0.30578196,True
228,-0.13156867,0.3131355,0.94835544,False
227,0.82299316,-0.61325824,7.1337104e-2,True
226,0.23126626,0.9876647,-0.59179795,False
225,0.4483986,-0.6306367,-0.82044315,True
224,-0.57166004,-0.45347595,0.41354978,True
223,-0.3086059,-0.22469413,0.6951976,False
222,0.52187824,0.40015483,-3.608942e-3,False
221,0.8350687,-0.32125568,0.6543814,False
220,-7.497203e-2,0.2724476,-0.15431261,False
219,0.9921483,-0.60064435,-0.7958548,True
218,0.5401559,-0.7099364,0.32453346,True
217,0.57616186,0.98045886,-0.13455307,False
216,0.6771053,0.80551946,0.17947924,False
215,0.5902289,-0.6496643,4.6537876e-2,True
214,0.6518611,-0.922742,-4.3976307e-3,True
213,9.664369e-2,-0.50627613,0.39467907,True
212,-7.7779293e-3,0.5482186,-0.9567212,True
211,-0.77940476,-0.10756767,0.63447547,False
210,-0.778121,0.9864429,0.14607465,False
209,-0.2512325,-0.15674901,3.78325e-2,True
208,0.85131586,0.70502555,0.96413064,False
207,0.6469877,0.12464476,0.26725495,False
206,0.38603127,0.9574895,5.611515e-2,False
205,-8.064461e-2,0.45861185,0.6313726,False
204,-0.85619366,-0.8305061,-0.67842567,True
203,0.66184497,0.5072919,0.101136684,False
202,4.3526053e-2,-0.18673277,-0.2577927,True
201,-0.8444787,-0.122579336,-0.5942515,True
200,3.1535625e-2,0.3290577,0.66999316,False
199,-0.8576268,0.23475063,-0.44492626,True
198,0.4456898,0.20406818,0.10015273,False
197,-0.19095004,0.739936,0.59336984,False
196,-0.18984616,1.3517141e-3,0.46290123,False
195,-0.30035305,-0.3184259,-0.5707172,True
194,0.31191182,0.96828973,3.2235384e-3,False
193,-0.35593295,0.35754347,0.16631913,False
192,0.14045703,0.3910272,-0.99857557,True
191,-0.33285105,0.6789011,-0.73974204,True
190,0.9337971,0.7970277,0.20925415,False
189,0.6606518,-0.45571327,-0.33001065,True
188,-0.37109208,0.1283828,0.93333066,False
187,-0.27018332,-0.5302961,0.74677396,False
186,0.34218252,-1.1874437e-2,0.6614908,False
185,-0.30120325,0.2398864,0.1667713,False
184,-0.5532656,-0.47142375,0.3095101,True
183,0.10629964,-0.33678448,-0.59910536,True
182,0.83643734,-0.37843883,-0.7574233,True
181,-2.8547287e-2,0.7625029,-6.360316e-2,False
180,0.4771762,0.2029854,-0.89759064,True
179,-0.25083625,-0.19486737,7.1137786e-2,True
178,0.23627019,0.14449167,0.64475274,False
177,-0.9079772,0.53443706,0.15113437,False
176,-0.971661,-0.19014335,0.46966314,True
175,2.6895761e-2,-0.49593186,-0.7071098,True
174,4.188025e-2,0.888891,-0.35614097,False
173,-0.7721565,-3.7941813e-2,-0.58088756,True
172,0.8410715,-0.9995431,0.44736075,True
171,-0.5358914,0.5147346,0.2600478,False
170,-0.76607525,0.22275448,-0.37854016,True
169,-0.26958966,0.924582,0.7767153,False
168,-0.99310064,0.9942069,0.113874555,False
167,0.5378977,-0.8309419,-0.34132063,True
166,-0.8386866,-0.12597632,-0.35995173,True
165,-0.90573335,-0.79234326,0.82118654,True
164,0.98431075,0.25356317,0.5276462,False
163,-9.456217e-2,-0.3833617,0.9764807,False
162,0.77211,0.35778356,0.21747005,False
161,-0.58022046,3.655255e-2,-0.5922936,True
160,-0.2038219,0.68885016,0.35344005,False
159,-0.1314261,-0.7850574,-2.6909351e-2,True
158,0.35621476,0.5143968,-0.5094129,False
157,0.6125134,-0.48238885,0.5905638,False
156,-0.23681998,0.6554487,0.28022134,False
155,0.1055398,0.5246819,-0.49852955,False
154,0.8855361,0.52435637,0.7636888,False
153,-0.2702614,-0.44053102,0.53469884,True
152,0.5020592,-0.46571386,-0.51451313,True
151,-0.54750884,-0.4705981,0.750016,True
150,0.8396187,-0.8431002,0.94648075,False
149,0.91420054,-0.42066944,-0.20551777,True
148,0.3947817,-0.7642764,0.44541132,True
147,0.53718007,4.278791e-2,0.80160356,False
146,0.39079475,-0.2413069,0.25076127,False
145,-0.8965148,-0.33757126,-0.7290739,True
144,0.64310014,-0.6755651,0.5234606,False
143,0.85061073,0.69963694,0.93051636,False
142,-0.67864907,0.27140152,0.21949899,False
141,0.17347741,0.8658557,0.1684848,False
140,-0.93828034,0.23143256,-5.815983e-3,True
139,-0.9409591,0.4245578,-0.17279267,True
138,-0.91504776,3.7238836e-2,-0.23717439,True
137,0.5576539,-0.28949094,-0.4402771,True
136,0.5402553,0.20407581,0.6645322,False
135,0.80104804,-0.5680175,0.328117,False
134,-0.74470186,-0.95340014,-0.6740786,True
133,-0.5347117,-0.45482993,0.48392773,True
132,-0.16647756,0.5535933,0.18781471,False
131,0.91851485,-0.86228347,0.5773581,False
130,0.41081595,0.51323354,0.8352996,False
129,0.7515991,-0.6494765,-0.4109099,True
128,0.4599036,-0.6209667,0.33102942,True
127,0.5137172,0.5096803,0.20715284,False
126,-0.8689921,-0.1441679,0.780684,False
125,-0.784585,-0.6951792,0.57231927,True
124,0.31258976,-0.60216594,0.79491687,False
123,0.9029331,-0.40683007,4.2775273e-2,False
122,-0.7417245,0.10341573,0.321025,False
121,-9.047699e-2,-0.2381072,0.26549292,True
120,0.8925848,0.46854615,-0.44463444,False
119,-0.7760787,-0.42067719,0.18227851,True
118,0.19003654,-0.20693815,-0.47548366,True
117,0.23885679,0.885218,-0.56663215,False
116,-0.4758247,0.64598966,-0.29925847,False
115,-0.43593884,-1.4202595e-3,-4.1258693e-2,True
114,-0.9624398,9.377754e-2,0.118373275,True
113,-0.82207453,2.4280071e-2,0.19818771,True
112,-8.910179e-3,0.55933905,-0.30701292,False
111,0.5731381,6.6632032e-3,-0.7076551,True
110,-5.1482916e-3,-0.4120314,-0.25582206,True
109,-6.4145684e-2,0.7777358,-0.9885173,True
108,0.5759895,0.32861936,0.8641317,False
107,-0.3564198,-0.6283374,-0.6421591,True
106,-0.5137361,0.90399563,0.65839803,False
105,-0.78791416,0.1891247,0.45991266,False
104,0.26600504,-0.95106304,0.35965514,True
103,-0.10654795,-0.7550572,0.609257,True
102,0.6932044,-0.5109099,-0.6269512,True
101,-0.6020229,-0.77471876,-0.92157423,True
100,-3.241849e-2,-0.32172918,0.7437445,False
99,0.6546098,-0.8481976,0.54709744,True
98,0.8477311,-0.3659817,0.92030656,False
97,0.70588875,-5.342996e-2,-0.45741963,True
96,-0.8030436,0.92986023,0.2734592,False
95,0.29880798,0.43957007,0.11013234,False
94,0.5757853,-0.13528073,-0.69034135,True
93,0.19675279,-0.37783659,-0.17106152,True
92,0.8307406,-0.37047195,0.89897573,False
91,0.89789,6.271672e-2,0.63828146,False
90,-4.31751e-2,0.36906183,-0.98752534,True
89,0.19526947,0.61357784,0.28584504,False
88,-0.8992156,-2.2155404e-2,8.059859e-3,True
87,-0.2471317,-0.4242692,0.6661116,False
86,-0.18609416,0.54240334,-2.8329134e-2,False
85,-0.48090613,0.7067028,0.86066425,False
84,-0.96343684,0.54341555,4.2139888e-2,False
83,-0.9202837,-0.9688071,-0.39820254,True
82,-0.771593,-0.6642145,-0.4836706,True
81,0.3637724,0.5054885,0.22516131,False
80,-0.17962587,-0.74011326,-0.28853655,True
79,0.11479342,-0.15235794,-0.13411868,True
78,-0.47216046,0.80342376,-0.78351414,True
77,0.8512387,-0.6243161,-0.494398,True
76,0.6939534,0.19774234,0.45859087,False
75,-0.75311697,-0.616549,0.7754017,True
74,0.35795677,-0.97200584,0.52787006,True
73,-9.4953775e-2,4.341376e-2,0.23731351,False
72,-0.18452251,-0.6105614,-0.3930093,True
71,0.49966323,-0.5269848,-0.786523,True
70,-0.7259673,0.43676102,0.49551773,False
69,0.34213626,-0.5621803,4.5113564e-3,True
68,0.33321726,-0.5229734,-0.45212388,True
67,0.27220535,-0.93531084,0.62831914,True
66,-0.84345734,0.1734314,-0.42683733,True
65,0.87773705,9.563744e-2,0.65295625,False
64,0.9440477,0.8379748,-0.44236517,False
63,0.8550559,0.42599845,-0.98345065,True
62,-0.35278618,-0.79669356,0.86554825,True
61,-0.28105986,-0.9298314,-0.3695327,True
60,0.79980063,-0.9989959,1.2180924e-2,True
59,0.582227,-0.70729756,0.79520214,False
58,-0.98337543,-0.58257425,3.0139208e-2,True
57,-0.8978095,-3.9310455e-3,-0.36897254,True
56,0.7117051,-0.36937296,0.88026035,False
55,-0.12958074,-0.20080209,-0.29232478,True
54,0.96224487,0.8699627,-0.8124372,False
53,0.7469492,-0.8704184,0.54296124,True
52,8.4459305e-2,0.2759577,-0.5463028,True
51,-0.72133076,-0.111483455,1.781702e-2,True
50,0.49337506,-0.9835632,2.952218e-2,True
49,-0.3500148,0.7203413,-0.37747955,False
48,-0.2261728,-0.985186,-0.55179095,True
47,0.42893195,0.70822513,-2.294612e-2,False
46,7.893157e-2,-0.72788215,0.5506363,True
45,0.41490805,9.098685e-2,0.13504922,False
44,0.17404342,0.5750396,-2.1347761e-2,False
43,0.72094166,-0.6850873,0.65091956,False
42,0.6223663,0.9850706,0.8240701,False
41,0.49013865,-0.7077279,0.36728966,True
40,-4.9754143e-2,0.55420697,0.32750094,False
39,0.5400499,0.41105533,-0.477414,False
38,0.55781174,-0.84968054,0.8566847,False
37,-0.8756504,-0.27232146,-0.35939133,True
36,-0.8035935,0.5723473,-0.9606638,True
35,5.727887e-2,-0.78228295,0.269207,True
34,-0.5618993,0.11052334,-9.929788e-2,True
33,0.30930197,-0.7379656,0.8776866,False
32,-0.29987395,-6.6907406e-2,0.9173391,False
31,-0.16111398,0.36265874,0.42236996,False
30,-0.43890584,0.79702306,-0.7628106,True
29,-0.9618807,-0.5459062,-0.6015674,True
28,0.72431135,-0.6960759,0.29898047,True
27,-0.45371222,0.6671728,-0.5032048,True
26,0.38061106,-0.4494983,-9.96691e-2,True
25,0.88160896,0.68200195,-0.9999112,False
24,-0.9572555,-0.96211207,-0.16122782,True
23,0.7373674,-0.78649926,-0.39464128,True
22,0.39875746,-0.38923168,-0.5405568,True
21,0.2055142,0.99218905,0.6711699,False
20,0.91585124,-0.4733317,-0.78228796,True
19,-0.22964466,-0.5706185,-0.22372031,True
18,-0.50243664,0.5788783,0.7819077,False
17,-0.63359773,-0.57703996,0.25898695,True
16,-0.30873072,0.6686814,0.47478604,False
15,0.503126,-0.16795969,-2.7232409e-2,False
14,-0.8277135,-0.89691687,-0.5743655,True
13,0.30490983,8.11981e-2,-0.824209,True
12,0.76831484,-0.52855015,0.836432,False
11,-0.14787078,-0.6808255,0.7004932,True
10,0.7865132,-0.7853677,-0.5468743,True
9,6.275785e-2,0.461434,0.16623104,False
8,-0.41968274,-3.182304e-2,-0.89160216,True
7,0.39586318,-0.2587886,0.24707484,False
6,-0.5659522,-0.23354292,0.59096074,False
5,-0.92041457,-0.37524748,0.7287537,True
4,-0.56269705,0.58687615,-0.5880251,True
3,-0.36730015,0.26445067,0.3695253,False
2,-0.71995556,-0.5370904,0.86305344,True
1,0.72807145,-0.16086352,0.80291677,False
0,-0.70665884,0.4746896,-0.11414826,False
