999,0.19345176,-3.5571456e-2,-0.859107,True
998,0.7643211,-6.958401e-2,-3.8468838e-2,False
997,-0.7875675,-0.1473074,0.36817408,False
996,-0.13515031,0.18207014,0.11444855,False
995,-0.47465754,0.35488164,-0.45884335,True
994,-0.8752161,0.3470558,-0.41869605,True
993,-0.5544063,-0.7626903,1.539433e-2,True
992,-0.7276211,-0.8899667,-0.44946408,True
991,-0.4271009,-0.46883595,-1.3573408e-2,True
990,0.42774212,-0.43598485,0.84145534,False
989,-0.60862255,-0.19388163,0.46831918,False
988,0.620317,0.9819975,-4.8085332e-2,False
987,0.9014522,-0.94407475,-0.5646237,True
986,2.296412e-2,0.69932365,0.9827663,False
985,-0.5663111,5.316615e-2,6.874335e-2,True
984,0.9063629,-0.95804775,0.49322045,True
983,0.56157064,0.5665004,0.46432114,False
982,0.9921572,-0.4568621,-0.9444636,True
981,-0.30491698,0.93445086,-0.5901053,False
980,-0.37437952,-0.26038897,5.647981e-2,True
979,0.8308712,-0.89977515,-0.47701216,True
978,0.6963208,0.87708783,-0.38629854,False
977,0.7974758,0.8497788,0.34072995,False
976,0.8909527,-0.34318113,-0.8038219,True
975,0.47804594,-0.89560485,-0.639426,True
974,0.98936605,-0.9017638,-0.15927005,True
973,0.43986654,0.36290336,-0.8276125,True
972,9.243059e-2,-0.6723169,-0.7117498,True
971,-1.0291219e-2,-0.5973556,0.6740943,False
970,-8.702803e-2,-0.21699286,0.5974752,False
969,-0.75489473,-0.9818311,-0.24946964,True
968,-0.69750917,-0.7029252,-0.57974064,True
967,0.91788065,-0.6266509,0.48069406,False
966,5.222583e-2,-0.64977133,0.9872215,False
965,-0.91105616,-0.6170763,-0.2726544,True
964,0.3525306,-0.65646815,0.388124,True
963,-0.23414505,0.24465406,-2.8515458e-2,False
962,-0.97151184,-0.7120266,0.91869736,False
961,-0.64429796,-0.49851263,-0.39126515,True
960,0.38589096,-2.0599246e-2,-0.52422714,True
959,-0.9285276,0.7492982,0.4228909,False
958,-0.64135265,0.81963646,0.4669459,False
957,0.2061441,0.5493877,0.70938766,False
956,-0.82976305,-5.5044293e-2,-0.7679392,True
955,0.29852295,-0.40257657,0.84113824,False
954,-0.60369086,-0.89686,0.56095743,True
953,-0.57836497,-0.14613271,-0.25201344,True
952,-0.22523415,-1.580584e-2,0.9202421,False
951,-0.317819,-0.43393672,-0.551198,True
950,-0.32912123,-0.92508304,-0.22361481,True
949,0.47973883,4.5051694e-2,0.66532314,False
948,-0.8701377,-0.44181287,0.39316154,True
947,-0.34237826,3.6413312e-2,0.5387261,False
946,0.4657185,0.7081119,-0.24477684,False
945,-0.7312821,0.50662017,0.669889,False
944,0.6531153,-0.11900771,0.15349615,False
943,-0.7823324,-0.951051,-0.82968664,True
942,-0.14812839,5.572176e-2,0.34976232,False
941,0.3989395,-0.21935487,0.99270785,False
940,0.92278194,0.15090847,0.65168035,False
939,-0.6298574,-0.5064454,-0.5206326,True
938,0.71210396,0.8503047,0.28251863,False
937,-0.55194235,0.64472497,0.81975234,False
936,0.5876949,-0.81466913,0.85484815,False
935,-0.669291,0.18968356,0.78551686,False
934,-6.601381e-2,0.6836047,0.505954,False
933,-0.7526953,-0.89242506,-0.5273241,True
932,-0.70882213,0.396901,9.385431e-2,False
931,0.41372013,0.71605444,-0.54809403,False
930,-0.30488718,-0.7438371,-0.20489669,True
929,0.8744178,-0.3503934,-0.65024304,True
928,-0.8943864,-0.32176912,-0.3794434,True
927,0.4136269,0.67114496,0.29707742,False
926,0.36559987,-0.28645837,0.6367531,False
925,-2.5671124e-2,-7.1745634e-2,1.1613727e-2,True
924,0.16477907,-0.6920246,0.48742664,True
923,0.709604,7.0996284e-2,-4.8832417e-2,False
922,0.2941587,-0.9581555,0.14084327,True
921,0.6972542,0.4391203,-3.1359434e-2,False
920,0.16125822,6.958485e-2,-0.80108106,True
919,0.44844544,0.17069292,0.13893318,False
918,0.15237379,-0.18572593,-0.4343406,True
917,0.33426702,-0.734149,0.93756413,False
916,-0.9042244,0.19403577,-1.1899829e-2,True
915,0.9401252,0.71609366,0.62736964,False
914,-0.8054749,0.18402624,-0.42557514,True
913,0.23755026,-1.7837882e-2,-0.3699994,True
912,-0.5970869,0.89362884,-0.87829983,True
911,0.8081131,0.8000175,4.6480298e-2,False
910,0.7447052,-0.61800253,-0.4326985,True
909,0.26040316,-0.42627323,0.1017158,True
908,0.9590869,0.76244736,-0.5753348,False
907,0.4847684,0.20296824,-0.78539693,True
906,0.52936983,0.98300374,-0.26138043,False
905,-0.2356987,-0.13504744,0.8085624,False
904,-0.5368606,0.86111367,0.13820863,False
903,0.22956455,0.74755836,0.6765113,False
902,-0.76629055,-0.934585,-0.8314661,True
901,0.24102056,0.84916735,0.96854997,False
900,-0.77699184,0.49736977,0.11955559,False
899,-3.0064702e-2,-0.46801424,0.30091858,True
898,-0.52870536,-4.249966e-2,-0.82662,True
897,0.9043838,0.291883,0.39466488,False
896,0.9229256,-0.59631896,6.0305357e-2,True
895,9.9122286e-2,0.39828694,0.76219094,False
894,-1.4701843e-2,0.65979934,0.58229434,False
893,0.8587965,5.209899e-2,-0.14746475,False
892,-0.13115394,-0.79007864,0.4907775,True
891,-0.5759978,0.47088516,0.6377708,False
890,4.737234e-2,-0.4983611,0.7468568,False
889,-0.87423086,-0.7237303,0.2604804,True
888,-0.9386654,-0.3749212,-0.13099289,True
887,0.15029085,-0.37937307,-0.13709557,True
886,-0.44866455,0.31508124,0.3540517,False
885,-0.18490839,0.9606178,-0.5631182,False
884,-4.2646885e-2,-0.16196609,3.1017303e-2,True
883,-0.88287854,-0.15755618,0.50487995,False
882,0.35296583,-0.73787427,0.17041194,True
881,0.2827053,-0.7566017,-0.16860795,True
880,0.2950778,-0.56089294,-0.84281135,True
879,-0.61088943,0.9332299,0.5475817,False
878,-0.65360034,-0.12789118,-0.18194759,True
877,-0.1748414,0.124083996,-0.25761378,True
876,0.4082178,-0.23739433,0.41661167,False
875,0.2854836,-3.284812e-2,0.15623677,False
874,-0.8664415,-0.35227656,-0.8025397,True
873,0.25842488,0.53467155,0.2593714,False
872,0.94150245,-0.43223047,0.77840126,False
871,-0.16798449,0.1429733,0.57810414,False
870,-0.266003,-0.7612889,-8.727038e-2,True
869,0.8325697,0.64446294,-0.4336269,False
868,-0.7900578,0.37841678,-0.31001413,True
867,0.6004424,0.27216315,-0.43452907,True
866,0.8914864,0.67386985,-0.76554143,False
865,-0.7014307,0.7678106,0.93557537,False
864,-0.9336418,0.3563732,0.8417064,False
863,-0.45957792,0.41564012,-0.94289494,True
862,-0.312492,0.15194154,0.8302499,False
861,0.76963437,0.4181738,0.9774388,False
860,-0.3247826,0.447078,-0.68059134,True
859,0.4713422,0.99172735,0.1493293,False
858,-0.49451125,0.702495,0.2151277,False
857,0.3715105,0.8997333,0.5296997,False
856,0.11519301,-0.33524346,-0.5397073,True
855,-0.8813038,-0.8658073,-0.2432636,True
854,0.515381,-0.26919413,-0.3161136,True
853,-0.3982998,0.89495385,8.7299824e-2,False
852,-0.2425847,-0.78095865,0.4472623,True
851,-0.980343,0.65372515,0.14711356,False
850,0.39467728,-0.51181424,0.7621442,False
849,0.121397376,-0.68020415,0.8236878,False
848,-0.2562647,0.6273471,-0.5991186,True
847,0.9580064,-0.9949484,-0.29792082,True
846,0.77246964,-2.6876807e-2,-0.657243,True
845,0.41008234,0.110093,-0.54258,True
844,0.7892848,0.3312943,0.26807928,False
843,-0.16351628,-2.7493477e-2,-0.502344,True
842,-0.79483545,0.45678127,0.4776497,False
841,-0.70504546,-0.93424857,0.8535037,True
840,0.57397413,-0.46694303,0.8472841,False
839,-0.5010506,-0.35357618,-0.21691775,True
838,-3.59478e-2,0.5632125,0.23637259,False
837,-0.35868907,8.1460714e-2,0.5399766,False
836,-0.4255321,-0.97389853,-0.90408814,True
835,-0.8748206,0.92151237,-0.84939694,True
834,0.7281815,0.7009611,0.82670295,False
833,6.730378e-2,-0.90251887,-0.71758187,True
832,0.31598973,0.6411214,-0.55664134,False
831,7.632232e-2,-0.54000473,-0.3588904,True
830,0.84580207,-0.71703494,0.91637766,False
829,-0.8037503,7.19707e-2,-0.5902933,True
828,0.47177207,-0.41552603,0.90025127,False
827,-0.31948245,-0.1928426,0.97785187,False
826,0.51075363,-0.92231715,0.3068546,True
825,-5.4647684e-2,0.19128513,-0.90873766,True
824,-0.4146253,-0.99846864,0.55015886,True
823,-0.7232336,-0.11460018,-0.28387272,True
822,9.145534e-2,0.7064154,-0.5866746,False
821,-0.99089015,-0.8528948,-0.3084911,True
820,0.91970706,-0.9197478,0.2665131,True
819,-0.65489984,-0.6908444,-0.74472356,True
818,0.66672146,-0.6660609,5.3427458e-2,True
817,-6.330991e-2,0.18006039,0.530393,False
816,0.31600714,0.32914925,0.5963093,False
815,0.1552136,0.58631635,-0.16231382,False
814,0.2768594,0.38108206,0.2950431,False
813,0.30810916,0.19722009,0.66998005,False
812,0.3048917,-0.1105001,0.3313756,False
811,-0.52482736,0.44349504,-0.5496503,True
810,0.5052726,0.8715768,0.16851175,False
809,-0.57295465,0.29961455,-0.6786834,True
808,0.5702599,0.9181224,0.73722684,False
807,0.26848316,4.0116787e-2,-0.8401084,True
806,0.47142005,0.45780396,-0.5570096,True
805,-0.76874375,0.76679564,-0.9069085,True
804,0.3701849,0.21535194,-0.25882638,False
803,0.16845751,0.5217111,-0.48041952,False
802,0.22089505,-0.75079656,-0.16595244,True
801,-0.5931436,-0.9897889,0.25574517,True
800,-0.2673428,0.3976102,-0.95411825,True
799,0.9637966,0.78795373,-0.60438144,False
798,0.8901186,-0.5566356,0.21264362,True
797,-0.1462034,-0.33575392,-0.2622056,True
796,-0.69148445,-5.9998512e-2,-0.6556767,True
795,0.49468434,0.9923229,0.75133216,False
794,-0.7378651,-0.9162179,0.29206133,True
793,-0.66285634,-0.13805842,-0.42227018,True
792,0.8195609,-2.708435e-2,-0.9924618,True
791,0.47957528,-0.6070843,-0.19251704,True
790,0.95475864,0.38018072,0.17021823,False
789,-0.5106751,0.743013,-0.72475326,True
788,0.22808754,0.69384074,0.4487642,False
787,0.7469132,0.5308713,-0.21344995,False
786,-0.48202682,0.25714672,-0.1956197,True
785,-0.45069408,-4.8923492e-2,0.3345741,False
784,0.31102324,5.060363e-2,0.15492952,False
783,-0.629622,0.38053393,-0.20894253,True
782,-0.5646502,-0.45118046,0.110839605,True
781,5.3221583e-2,0.4615929,-0.12884295,False
780,-0.40607107,-0.73260605,-0.66234136,True
779,-0.31276357,0.7267126,3.958583e-2,False
778,-0.46954095,0.41440296,-0.5969353,True
777,0.32200694,-1.9073725e-2,-0.36462808,True
776,0.2068708,-0.64680946,0.3455305,True
775,0.83119214,0.1699667,-0.9814527,True
774,-0.5932019,0.9818313,0.7317662,False
773,0.15742958,0.2998221,-0.33673382,True
772,-0.18748593,-0.4236281,0.28891492,True
771,0.5187484,0.1634326,0.3002447,False
770,-0.47936225,-0.5118407,-0.7373793,True
769,0.6608404,-0.5006243,0.5911559,False
768,-0.35969746,-0.59114325,-0.9895512,True
767,-0.8432485,-0.8804631,0.61836183,True
766,-0.93026173,-0.4938531,-0.6337676,True
765,-0.91838956,-0.58366907,-0.4330827,True
764,-0.32916343,0.20581484,-0.11553776,True
763,0.88682175,-0.39166832,-8.0575466e-2,True
762,-0.3397721,1.9706368e-2,-0.16539216,True
761,-0.3611561,-0.4678141,0.8653691,False
760,0.34623396,-0.3694514,0.39604616,False
759,0.57333744,-0.15349627,0.77089906,False
758,0.60747194,-0.17798173,-2.6542544e-2,True
757,0.29902744,-0.36633623,-0.6117294,True
756,0.8972877,-0.42462862,0.9073465,False
755,0.46958017,0.8636377,3.2819986e-2,False
754,-0.99789655,0.21208191,-0.6236365,True
753,0.15719998,0.3050331,-0.43300045,True
752,0.23266995,-0.93412113,-0.91995907,True
751,-0.22339332,-0.6765183,-0.716545,True
750,0.56129086,-0.9290478,0.63000953,True
749,-0.494339,0.68835187,0.763767,False
748,0.9356042,-0.8759818,0.61577773,False
747,-0.6944624,0.5503471,0.5309161,False
746,9.317374e-2,7.1823716e-2,-0.15999126,True
745,-0.48151672,-0.9113034,0.72686815,True
744,-0.78089035,-0.59849787,-0.76577806,True
743,-0.75666654,0.28487754,0.8619913,False
742,-0.6023277,-0.27682543,-0.90810287,True
741,-0.35340738,-0.94280446,-0.3451643,True
740,0.6664392,-0.54819405,-0.4793067,True
739,0.79591906,0.58360696,-0.22026384,False
738,-0.42496777,7.9755545e-2,0.364087,False
737,0.29998803,-0.13257205,-0.100381374,True
736,-0.20972955,0.447528,0.48990047,False
735,-0.58376336,-0.80665207,2.897489e-2,True
734,0.14397979,-0.700261,0.9620247,False
733,0.3741423,0.6576289,-0.5053507,False
732,0.52665746,-0.8172308,2.3063898e-2,True
731,-0.8169913,-0.97359383,-0.65615475,True
730,-0.2095766,0.16229534,0.87363744,False
729,0.87587166,0.3530947,-0.47072446,False
728,6.9337964e-2,-8.808339e-2,6.9544315e-2,False
727,0.15240574,0.23919082,0.9752761,False
726,-0.6897452,0.17559695,0.38742566,False
725,-9.6931815e-2,0.4843924,0.40391886,False
724,0.7959335,0.14873207,-0.54596734,True
723,-0.3568952,0.6839045,-0.4479972,False
722,-0.73887813,0.864274,-0.11762643,False
721,0.12645769,-0.4545082,0.6069683,False
720,0.23676443,-0.67141616,3.2112598e-3,True
719,0.95929873,-0.93463755,-0.36877537,True
718,-0.9766216,0.42012334,-0.5715759,True
717,-0.7860373,-0.15881503,-0.18031454,True
716,0.41188943,-0.87489164,0.5823771,True
715,-0.93421495,0.92696357,-0.7064403,True
714,0.18104613,-0.214921,0.12708628,True
713,4.4130802e-2,0.21208656,-0.13932073,False
712,0.5055251,-0.5833341,0.28188825,True
711,0.18595469,5.4109097e-4,0.93909633,False
710,0.788002,0.25022745,-6.0105562e-2,False
709,-0.7491592,-0.8660997,-0.49434805,True
708,-0.96760154,-0.7032293,0.9487716,False
707,-0.6019646,0.77853775,-0.59187424,True
706,-0.22453403,-0.91540694,0.9199586,False
705,0.99954236,-0.1323384,0.30550218,False
704,0.8404579,-0.69145596,0.6749697,False
703,-0.32789588,0.9467633,0.6171299,False
702,0.9346316,0.97760415,0.26141632,False
701,-0.84453654,0.19576764,0.40958023,False
700,-0.36117244,0.15802705,0.8231658,False
699,-0.541433,-0.34900343,-0.6456039,True
698,0.8851235,-0.44501162,0.36506903,False
697,0.43328607,-0.12645698,-0.5871273,True
696,9.9083185e-3,0.5009279,0.9799254,False
695,0.6077211,0.81208444,0.7611635,False
694,5.3191304e-2,-0.17998445,2.9346585e-2,True
693,0.9221691,-0.2514068,-0.14818132,True
692,-0.74735427,0.7359172,0.6305586,False
691,-0.36308193,0.673682,-0.44016707,False
690,0.9598789,-0.6724068,-0.2633773,True
689,-0.78506887,-0.21857512,0.15879881,True
688,0.63714695,-0.20682228,0.5117012,False
687,0.29019666,-0.21149695,0.14861584,False
686,-0.56951284,-0.1429435,0.779385,False
685,-0.76115084,0.93355596,-0.3739891,False
684,-0.9521203,-0.598776,0.6975796,True
683,0.7272357,0.6930995,-0.31903422,False
682,9.036779e-3,6.4995885e-2,0.13053274,False
681,0.5832913,0.5463613,0.6758292,False
680,-0.47506928,5.448246e-2,0.3709979,False
679,-0.61082804,-0.62105215,-0.1691792,True
678,0.43777287,-0.58239615,-0.371135,True
677,0.85148215,0.32627094,-0.21357012,False
676,-0.30967999,0.95431507,0.735618,False
675,-0.50320244,0.93094885,-0.4083134,False
674,-0.37860465,0.507826,0.666981,False
673,-9.6414566e-2,0.76155853,-0.99306643,True
672,-0.3719921,0.29782343,-0.9081478,True
671,0.41170943,0.1499883,-0.17961204,False
670,-0.19598317,-0.51412606,0.36588585,True
669,-0.76906466,0.1667285,-0.15363121,True
668,0.8473698,0.54540265,-4.4008493e-2,False
667,-1.0680199e-2,0.14273,0.47289026,False
666,0.54582596,-0.94927275,0.149827,True
665,-0.21683788,-0.38510334,0.8617401,False
664,-0.62706816,0.19866121,0.8311738,False
663,-0.51312935,-0.9744524,0.8277401,True
662,-0.42753708,0.6519449,0.5401629,False
661,0.5210246,-0.47803724,0.27397108,True
660,-0.8679416,0.5772941,-0.28929138,False
659,-0.51790535,0.6170366,0.16107309,False
658,-0.6160437,-0.6840954,0.8191093,False
657,0.5528867,-0.6139239,0.7964634,False
656,-0.1586864,-0.93141663,-0.5872917,True
655,0.27873075,0.28418303,0.6960287,False
654,-0.38650286,-0.45138073,0.66580606,False
653,-2.3891568e-2,-0.64665985,-0.23321712,True
652,0.984781,3.0021548e-2,-0.8882178,True
651,-0.97523963,-0.92880774,0.76095104,True
650,-0.491122,0.25104868,-0.71642613,True
649,-0.9481162,-0.5454999,0.2914933,True
648,-0.938535,0.66577625,0.39513707,False
647,0.5949942,0.33788633,0.46837234,False
646,0.7551216,-0.36877882,-0.701944,True
645,0.8417442,-0.2247256,9.594703e-2,False
644,-0.726828,0.39651918,0.44422054,False
643,-0.2030549,-0.14495921,-0.10609329,True
642,-0.5068526,0.8385798,0.78754115,False
641,0.61403275,-0.40339124,-0.11284506,True
640,0.708529,-0.5765017,0.27844274,True
639,0.9675981,0.79856944,0.7679764,False
638,0.7527591,-0.39970255,0.8234817,False
637,0.21247327,-0.70766973,-0.363989,True
636,-0.64943147,0.48394525,0.5344634,False
635,0.2755407,-4.1512012e-2,-8.74784e-2,True
634,0.70495534,0.8971932,0.28137028,False
633,0.9682298,-0.46834433,-0.9465177,True
632,0.9844222,-0.74489987,-0.23733795,True
631,0.5405196,0.80295706,0.4913174,False
630,0.828823,0.9657544,0.19305193,False
629,0.21873271,-0.66099656,0.4073738,True
628,-0.6177411,0.17281199,-2.3752451e-2,True
627,-0.30749917,0.7831346,-0.5631739,False
626,0.13844287,-8.325732e-2,0.28226018,False
625,-0.3082068,-0.7207483,-0.83395815,True
624,-4.2129755e-3,0.1362617,0.27013493,False
623,8.864164e-2,0.5571562,-0.22327161,False
622,-0.37274742,0.5915394,0.10191643,False
621,0.5836147,-0.77377355,-6.580341e-2,True
620,-8.792794e-2,0.62401927,-0.20900083,False
619,2.4703145e-2,0.6372919,-0.8622763,True
618,0.8414359,-0.31978488,-0.68354845,True
617,-0.23552537,-0.42615914,0.19762635,True
616,9.594643e-2,-0.5020784,0.6419252,False
615,0.5085057,-0.98126185,0.44595456,True
614,-0.22617364,0.6562431,0.284662,False
613,0.2860949,-0.9449539,-0.70924664,True
612,0.6800833,-0.16814506,-0.15188718,True
611,0.25927544,0.13666892,0.60724664,False
610,-0.8194561,0.29808748,-0.2667482,True
609,0.86128914,-0.88992953,4.9907804e-2,True
608,-0.20845544,-0.21810532,-0.5602269,True
607,9.856653e-2,-5.5021048e-3,0.32410204,False
606,0.19844842,-0.48340273,-4.654801e-2,True
605,-0.44209254,-4.7225952e-2,0.99126625,False
604,-0.3573022,-0.81256366,-0.25407517,True
603,0.9748963,0.1292274,1.897037e-2,False
602,0.8880334,0.80314624,-0.36373127,False
601,0.8955786,-0.6404083,-0.8747089,True
600,0.41488123,-0.32201087,-0.49925268,True
599,-0.908633,0.96525085,-0.3189963,False
598,-0.6744603,-0.54598665,0.6729295,False
597,-0.14768755,0.3632357,0.51465666,False
596,0.77964187,0.33528912,0.37982953,False
595,0.5624932,-0.35835743,-0.453367,True
594,7.790935e-2,-0.62543356,0.45535302,True
593,0.4499123,-0.5235584,-0.78482044,True
592,-0.57733583,-0.48040855,-0.721959,True
591,0.6348443,0.3671658,-0.47099316,True
590,0.2450763,-0.5944365,-1.728189e-2,True
589,0.51693034,-0.17981052,-0.18174016,True
588,-0.73029447,0.5490768,-0.43275547,True
587,0.42383897,0.8682376,0.34249055,False
586,-0.16209626,-0.6667925,0.44776094,True
585,-1.2849331e-2,0.7687111,0.72746825,False
584,0.23353386,0.3237754,0.16302502,False
583,-0.73327076,-0.4440533,0.94617844,False
582,-0.3464749,0.75599205,-5.5064797e-2,False
581,0.47318554,-0.38772714,-0.46370208,True
580,-0.3654741,-0.21512687,-0.16228712,True
579,7.977104e-2,9.988666e-3,-0.18710315,True
578,-2.5862455e-3,0.23925817,0.91125727,False
577,-0.5664289,0.85499597,-0.72545993,True
576,-0.65965915,-0.3129325,0.64321876,False
575,0.389948,-0.83181846,0.18913889,True
574,0.7319547,-0.89327824,-0.78616524,True
573,0.82514393,-0.69356203,0.25894678,True
572,0.9520217,0.1327151,0.8692075,False
571,-0.7806119,-0.5335455,8.654952e-2,True
570,-0.73160505,-0.486395,-0.37190044,True
569,0.65020573,-0.3788867,-0.28965747,True
568,0.5538646,-0.47469246,0.97281075,False
567,-0.8381605,7.633901e-2,-0.32784855,True
566,0.56966305,-0.110824704,-0.38444388,True
565,-0.6931001,0.9775702,0.9028337,False
564,-0.43911338,0.30801892,0.4350624,False
563,0.5922078,-0.99376905,0.3829062,True
562,-0.8109349,0.7564782,0.68865156,False
561,-0.17853785,-0.9419323,8.986783e-2,True
560,-0.34928787,0.938275,0.22306943,False
559,0.69186664,0.5775691,0.105567575,False
558,-0.3954152,-0.12684631,-0.25263488,True
557,0.9821727,-0.8523669,0.8513758,False
556,0.42539477,-4.976988e-3,-0.8110781,True
555,0.58413947,0.9988103,0.40352142,False
554,0.26366222,-0.20560527,0.5658802,False
553,1.402235e-2,0.9287404,-0.9473653,True
552,-0.5787773,-0.24585521,-0.7606486,True
551,0.47679007,-0.6491388,-0.31871915,True
550,-1.6804934e-2,0.28168285,-0.87797534,True
549,0.37061727,0.19523346,0.25222445,False
548,-0.4060471,-3.3020258e-2,-0.698619,True
547,-1.6239882e-3,-0.7830378,0.97813714,False
546,0.15804207,0.103913665,-0.88964903,True
545,-0.5787939,7.3552966e-2,-0.34010732,True
544,0.7114798,0.8627553,0.8278512,False
543,0.5837115,-0.79079115,-0.36460757,True
542,-0.8439696,-0.97611916,0.2212112,True
541,-0.4368099,0.29305327,-0.9165907,True
540,-0.22871709,0.4068849,-0.49729776,True
539,0.7482581,0.9766948,-0.41075623,False
538,-0.79484844,0.55658865,-0.5861864,True
537,8.060646e-2,-0.11188424,-0.18839693,True
536,-0.4599849,-0.7047895,-0.4693284,True
535,0.24501777,0.27201545,0.7917638,False
534,0.6370454,-0.74905384,0.20743775,True
533,-0.336169,0.41269052,-0.29526293,True
532,0.8578657,-0.79381096,-0.9141607,True
531,0.7462717,0.27272153,4.260063e-2,False
530,0.7967193,0.9202825,-0.40905762,False
529,-0.16007876,-0.7834946,0.24058986,True
528,-0.3581686,0.16330886,-0.13853526,True
527,0.17364132,0.33015835,0.3268813,False
526,0.16348803,0.22888887,0.19325566,False
525,6.8672895e-3,-0.23418081,0.8860092,False
524,-0.8440162,-0.69744384,-0.30065525,True
523,0.8469521,-0.68155646,-0.17699695,True
522,0.772913,-0.6765951,0.7375132,False
521,0.51088786,-0.9964975,-0.9274293,True
520,0.5317215,0.94764876,-0.6243886,False
519,0.9467752,-0.7409806,-0.2912948,True
518,-0.5049921,-0.17709756,-0.6620456,True
517,0.41765738,0.7910074,-0.21310663,False
516,0.3722509,-0.426947,-0.46624804,True
515,-0.6657704,0.45432258,5.3815603e-2,False
514,-0.4889319,0.124124646,-0.12825978,True
513,-0.5943916,0.513278,0.30568075,False
512,-0.7453339,3.2823443e-2,6.4546704e-2,True
511,0.105919,0.1742469,-0.35467315,True
510,0.7671175,0.14583218,0.5622878,False
509,-0.20185757,0.5561422,-0.7046485,True
508,-0.27821314,0.6119573,0.7586335,False
507,-0.39689815,-3.285992e-2,0.906242,False
506,-0.5464151,1.869595e-2,0.3277278,False
505,0.39855027,-9.7079515e-2,0.6949495,False
504,0.9247104,-0.98116314,-3.957975e-2,True
503,0.14419556,0.6492621,-7.559097e-2,False
502,-0.5410644,-0.4748522,0.17534995,True
501,-0.3333366,-0.9417329,-0.9801996,True
500,-0.49851775,0.6666385,0.58274317,False
499,-0.8458452,-0.20392954,-0.7684785,True
498,-0.7099625,-6.494939e-2,-0.85603976,True
497,0.36651218,-0.5420282,-0.69377875,True
496,-0.47287858,9.5819e-2,-0.32832575,True
495,0.3536935,-0.8538439,0.20547831,True
494,0.4815148,0.6549295,-0.8299742,True
493,0.33706522,-0.20639968,-9.590495e-2,True
492,0.5843353,-0.24987257,-9.151709e-2,True
491,0.8222786,-0.47094095,-0.32450366,True
490,0.7958437,-0.97254467,0.8219029,False
489,-4.6403408e-2,-0.62085474,-0.2023313,True
488,-0.4513588,0.532449,-0.28960693,False
487,-0.18135405,0.16751301,0.4025917,False
486,0.17609835,0.91448724,-0.9995358,True
485,-0.46050024,0.94333935,-0.93877375,True
484,-0.8823687,-0.79102385,-0.39844465,True
483,-0.4794954,0.6636592,0.46159613,False
482,0.9519174,0.13912463,0.44157982,False
481,-0.31213486,0.17772639,0.40031886,False
480,-0.8846984,0.5083486,0.31249845,False
479,-0.96332324,0.31459248,-0.15662372,True
478,-0.20049036,-9.0313435e-2,-0.57202005,True
477,-0.25883722,-9.724617e-2,0.23273063,False
476,0.74870133,-0.45904827,-2.415061e-3,True
475,-5.137968e-2,0.2706555,-0.16266775,False
474,0.4742825,0.56630945,0.7188194,False
473,0.362831,-0.48861527,0.5310645,False
472,7.589674e-2,0.21636271,-0.67894316,True
471,0.14815927,0.51677155,0.9642335,False
470,-0.82415044,0.91567683,0.59932065,False
469,-0.5473485,0.2631997,0.20554972,False
468,0.5517541,0.70762277,0.72488403,False
467,0.6871103,0.4707911,-8.5397005e-2,False
466,-0.8591647,0.750975,7.224548e-2,False
465,0.8386533,-0.5515779,-0.62414074,True
464,0.73925686,-0.25596714,-0.17640245,True
463,0.93811643,-0.18119323,-0.5195105,True
462,-0.4159702,-4.6551228e-3,0.9996308,False
461,-0.14525008,0.43349636,-0.90901864,True
460,-0.89939046,-9.05503e-2,0.4107566,False
459,0.4008112,-0.9010457,0.4199549,True
458,0.53312683,-0.5863495,0.3313973,True
457,-0.8469082,0.94477665,0.9721769,False
456,0.5877168,-0.884349,-0.3320675,True
455,-0.9771036,-0.8966309,-0.8028424,True
454,9.186149e-3,0.20470381,-6.4667225e-2,False
453,0.9253075,0.19350076,4.021883e-3,False
452,-0.29534566,-4.0494084e-2,2.8759003e-2,True
451,0.9567082,-0.3927982,-0.5418606,True
450,0.59768903,0.19818628,0.6566622,False
449,0.97127914,-0.7026322,0.9225508,False
448,0.27735412,0.64440835,0.80883324,False
447,-0.95279837,0.7364352,0.26038277,False
446,-0.53434,-4.7813058e-2,-0.38716352,True
445,-0.9411943,-0.3711548,0.51767707,True
444,-0.3964281,0.61641896,-0.5690601,True
443,0.4778936,0.58022773,-0.91892004,True
442,-5.1551223e-2,0.85129905,2.2823691e-2,False
441,0.2533437,0.10327983,0.683298,False
440,-0.14440775,0.6033344,0.23464835,False
439,0.60377085,0.4366045,-0.21363878,False
438,0.8835362,0.31434464,0.69164324,False
437,0.30116427,0.6952019,0.90152514,False
436,-0.9983338,-0.8403568,-0.70523477,True
435,-0.5943631,-0.2132324,0.16987538,True
434,0.7058052,-0.70047414,-0.7015753,True
433,-0.25427365,0.1742748,-0.11651385,True
432,0.2799461,-0.6769091,0.3544885,True
431,0.9566058,0.581918,0.12787008,False
430,-0.48904502,-0.5343864,-0.11833274,True
429,-0.99801433,0.9368038,0.48258245,False
428,-0.7169838,-0.12436497,-0.95615613,True
427,0.8232012,0.66882527,-0.23002887,False
426,0.18906033,0.22606885,-7.009256e-2,False
425,-0.52423465,-0.44395328,0.17708707,True
424,0.46023798,-0.57392955,0.6488122,False
423,-0.73102117,0.10122609,-0.16559672,True
422,-0.2487464,0.80275965,-0.3944006,False
421,-0.34111392,-0.7390394,0.40610254,True
420,0.5765239,0.23516357,0.8244271,False
419,0.29802954,2.1131039e-2,-0.8987303,True
418,-0.868732,-3.9993286e-2,-0.23274243,True
417,0.71773124,-0.11236489,-0.9127127,True
416,-0.26206422,-5.9543252e-2,0.33024848,False
415,-0.9424882,0.5960518,0.5453917,False
414,0.661054,0.69338465,0.8716974,False
413,0.46053457,-0.5583862,-0.44113898,True
412,-0.9774853,-8.453357e-2,-0.9377847,True
411,0.75951886,9.978747e-2,0.7868537,False
410,-0.27076912,1.881361e-3,-0.81076837,True
409,0.96793616,-0.58456075,0.35350764,False
408,-0.60803807,1.0756373e-2,0.24858165,False
407,-0.24334896,-1.5532613e-2,-5.808735e-2,True
406,-0.7465211,-0.49589598,-0.96142554,True
405,0.28026056,0.6737422,-0.28856087,False
404,-0.43706775,0.43686664,0.3487624,False
403,0.79977036,-0.6235887,0.43764603,False
402,-0.78817105,-0.6827847,-0.7877213,True
401,0.7150544,0.8521787,-0.9426284,True
400,-0.78183925,0.7613907,0.5140072,False
399,0.35529315,-0.34505355,-0.6079811,True
398,-0.113271594,0.8407662,0.64241505,False
397,-0.74260926,-0.10536361,0.38395238,False
396,5.251503e-2,0.9705012,0.754045,False
395,-0.98413527,-0.7042217,0.3122437,True
394,-0.4388826,-0.4067093,-0.25354767,True
393,-0.4724356,0.33392262,-0.71709263,True
392,0.24034083,-0.11229813,-0.16179895,True
391,0.729519,-0.8436973,0.3953383,True
390,0.29761565,-6.268394e-2,-0.6656816,True
389,0.5947298,0.12745881,-0.5553671,True
388,0.7457304,0.2504177,-0.75689924,True
387,0.831269,0.7059692,0.9190397,False
386,-0.90568244,-0.32397187,6.370878e-2,True
385,-0.61327255,0.16083705,0.41691685,False
384,0.98920166,-0.90726256,-0.884784,True
383,-0.18840599,0.20490754,0.6267884,False
382,-0.18023765,0.67193246,0.9624715,False
381,0.42493415,2.887714e-2,0.3091408,False
380,0.83638144,0.17815948,-0.18054557,False
379,-0.30455995,0.37448132,-0.48889446,True
378,0.67741096,-0.21880054,-0.84252477,True
377,-9.90814e-2,-0.7609681,-0.7874037,True
376,0.48740566,0.25370216,-0.22703385,False
375,0.8778913,-0.31461716,-0.58026123,True
374,0.8642794,-0.37705386,0.55270374,False
373,0.7382642,0.75881135,-0.6959392,False
372,0.3897524,0.8312838,0.4320172,False
371,0.49926865,-0.5617374,3.5780072e-2,True
370,-0.93577874,0.24783146,0.1807673,False
369,9.366357e-2,0.80454266,-0.18028271,False
368,-0.89903283,0.5554441,-0.9285054,True
367,0.44775712,0.8060267,-0.42554116,False
366,-0.4589609,0.9196327,-0.2443049,False
365,-0.3464495,-0.21354842,0.5328562,False
364,-0.6880417,1.6201377e-2,5.656481e-4,True
363,-0.4031645,3.173542e-2,0.47971117,False
362,-0.7406794,-0.42007697,0.35752082,True
361,0.39062583,6.88411e-2,0.36398923,False
360,0.38986456,0.69811213,0.11665213,False
359,-0.43515682,0.927361,-0.2588886,False
358,-0.33079398,-0.27575123,0.9839579,False
357,-0.7098665,-0.66406333,0.31850755,True
356,-0.7572117,0.33352184,0.76422334,False
355,-0.37531614,-0.5686083,-0.48110688,True
354,-0.5731567,5.523646e-2,0.9939747,False
353,-0.5498438,0.39073145,0.8207998,False
352,-3.744483e-3,0.68027365,-0.94843924,True
351,-0.39469504,-0.8658714,8.974099e-2,True
350,-0.19843888,0.48560715,-0.67781293,True
349,0.92854047,-0.38348138,0.49647427,False
348,0.26271415,2.1927953e-2,-0.38872826,True
347,0.4598565,6.63414e-2,-0.119632244,False
346,0.9977789,-4.2353153e-2,-0.863523,True
345,0.71104217,-0.8428265,0.49827027,True
344,0.59614086,0.2075876,0.50623095,False
343,0.75630033,-0.9682776,0.5040374,True
342,-0.41562974,-0.114017844,0.7885505,False
341,-0.90283227,-0.54014325,0.975302,False
340,0.45216393,-0.48544025,0.46561468,False
339,-0.7385539,3.2565117e-2,0.7965336,False
338,-0.7185385,-0.9676281,0.7834604,True
337,-0.68588793,0.99476266,-0.31870067,False
336,-0.5818746,0.39459038,0.6636355,False
335,0.79524684,-0.25104833,-0.60659707,True
334,-0.26904953,0.45135105,-9.4395995e-2,False
333,-0.4541583,0.58358455,-5.6296706e-2,False
332,-0.14892101,0.30408406,-0.6372837,True
331,0.93000877,-0.45097554,0.33753347,False
330,-6.3147426e-2,-0.33375633,-0.60576165,True
329,0.347342,-0.89289236,-0.34630728,True
328,-0.43356133,-0.20176613,-0.82719326,True
327,0.45299876,-0.3817898,0.40755808,False
326,-0.33730423,-0.19704533,0.59664345,False
325,0.820202,4.4293523e-2,6.005299e-2,False
324,0.7521498,-0.7578411,0.56269944,False
323,0.5571599,0.64648926,0.79148805,False
322,0.57731557,-0.36704636,-0.6980574,True
321,0.6613289,0.7276745,0.3938595,False
320,0.78802466,-0.2482059,-0.8235085,True
319,-0.9414351,0.45120275,-0.48760593,True
318,-0.7021409,-0.5467831,0.7160317,False
317,0.8334143,-0.86722493,0.1397034,True
316,0.6551944,0.5776458,0.12158191,False
315,-0.5394591,0.591957,0.31230152,False
314,0.26080477,0.6318544,9.999585e-2,False
313,0.46642733,0.68927157,-0.65995014,False
312,-0.9418899,0.57311904,-0.34887826,True
311,0.8840798,0.98342586,-0.9328526,False
310,0.8379866,-0.42128193,-0.42201602,True
309,-0.61666536,-0.6700963,0.36251438,True
308,0.5360068,-0.12132728,0.8148277,False
307,0.27079964,0.30542576,0.56881976,False
306,0.43583214,0.38536477,0.9592525,False
305,-8.6814284e-2,0.43493664,-8.036864e-2,False
304,-0.2108599,-0.9790274,0.11627364,True
303,0.65692973,-5.942154e-2,-0.5553503,True
302,-0.7917011,0.606447,-0.1984669,False
301,0.24549687,-0.75225604,0.10016465,True
300,0.3944131,3.4267545e-2,-0.8407717,True
299,-0.15813184,-0.73266923,-0.9200903,True
298,-0.47292113,-0.28989637,5.2485466e-3,True
297,0.21972823,-8.573842e-2,0.69577813,False
296,0.32672584,-0.5355067,-0.13126421,True
295,0.46728742,0.22134697,0.5651283,False
294,-0.42407215,-0.3253255,-0.56986976,True
293,-0.92763984,-0.5396395,0.71453774,False
292,0.5953834,-0.41291344,0.39234793,False
291,0.6992179,0.92282605,-0.15935397,False
290,-0.12788773,0.44809377,0.877355,False
289,-0.73243046,-3.8062215e-2,-5.578506e-2,True
288,-0.95674825,0.7848414,-0.9139552,True
287,0.47796142,0.22787249,0.96623623,False
286,-0.7147006,-0.49111283,0.25938416,True
285,0.49426866,-0.42378426,0.98573184,False
284,-0.54371774,-0.97675693,0.8807428,True
283,0.3259908,-0.52535856,-0.54128325,True
282,8.791745e-2,-0.14379072,0.65151477,False
281,-0.5747224,0.38137162,-0.44857144,True
280,-0.81620777,-0.39904523,0.39289868,True
279,-4.5338035e-2,0.7993008,0.3124951,False
278,-0.64175653,-0.6933938,0.7415488,True
277,-0.7545589,0.78680766,-0.60098386,True
276,0.9518726,-0.42607546,8.564234e-2,True
275,0.49403667,-0.61955595,-0.29494166,True
274,-0.44766116,0.33308125,-0.8771584,True
273,-0.8447586,-0.117411256,-0.8057314,True
272,-0.21600032,-0.4826578,0.93078935,False
271,0.48077524,0.4073918,-0.5519998,True
270,0.6486136,0.8061644,0.39177585,False
269,0.4601978,0.1884445,-0.6887772,True
268,-0.5495529,-0.25580776,0.8969269,False
267,-0.65185523,-6.000936e-2,0.425398,False
266,0.6281642,-0.5897666,-0.310395,True
265,0.620026,-0.3933015,-0.98741984,True
264,0.78683937,0.7516756,-0.96153533,True
263,-0.7417656,0.760661,0.69297075,False
262,-0.22108507,-0.5995053,0.816355,False
261,-0.6419997,0.6488215,-0.9509212,True
260,-0.5719992,-0.89551747,0.40495396,True
259,0.96992826,-0.63714087,-0.30783415,True
258,-0.85179186,0.5801139,-0.16571534,False
257,0.80843496,-0.4054222,-0.25919878,True
256,0.3534515,-0.56659925,-0.60451484,True
255,0.5892874,-0.10989213,-0.3116467,True
254,-0.5011009,-0.4859687,-0.94857824,True
253,-1.939857e-2,-0.45286167,0.23627698,True
252,0.12700224,-0.21846235,0.509748,False
251,-0.8835305,-0.5546819,0.73536325,False
250,-0.6524558,0.4781605,0.30195916,False
249,-0.7105069,0.45869553,0.91030216,False
248,-0.5395111,0.13277614,0.48156857,False
247,-4.2679787e-2,-0.91006756,-0.80010355,True
246,0.3473847,0.29653347,0.13842642,False
245,0.14471924,0.9979898,-0.23286891,False
244,5.953312e-4,0.9817997,0.6256633,False
243,0.5618967,-0.4395424,0.67099416,False
242,0.11988449,-0.18020034,-0.20043898,True
241,0.17534602,-0.8977686,0.96002257,False
240,-0.5970037,0.88965726,-0.44727576,False
239,0.50271595,0.55115104,-0.9924226,True
238,0.79272294,0.8307173,0.69092464,False
237,-0.11615825,0.1496799,9.832382e-3,False
236,-0.95572746,-0.33851635,0.3072151,True
235,-0.14304268,0.5687674,4.1953444e-2,False
234,0.21653688,0.121575356,0.29588008,False
233,-0.5023167,-0.18769109,-0.96915925,True
232,-0.1342802,0.553426,-1.9118667e-2,False
231,-0.92153656,-0.73281443,8.687854e-3,True
230,0.5614573,0.40997875,-0.90654933,True
229,-0.87327385,-0.17007399,7.015562e-2,True
228,0.33419108,0.16435039,0.5153072,False
227,-0.87079704,0.88264716,-4.145634e-2,False
226,0.34268725,-0.3513862,9.6064925e-2,True
225,0.21976936,0.92395306,0.58320236,False
224,0.36611235,-0.5952349,-0.8663697,True
223,-0.9366449,0.986022,0.8096883,False
222,0.16699684,0.49489236,0.17188454,False
221,-0.7510718,0.53322995,-0.22351003,False
220,-0.9446012,-0.5639752,-0.7666271,True
219,0.87539506,-0.38798463,-0.3481288,True
218,0.944965,-4.4277787e-2,0.45790982,False
217,-0.9320817,-0.97462595,0.32096565,True
216,0.4474975,0.80929875,-0.9697305,True
215,0.8108188,0.774122,-4.6331525e-2,False
214,-0.2339257,-0.41699457,0.1265955,True
213,2.9882789e-2,-0.9363344,0.9163686,False
212,-0.65347433,-0.91645825,-0.33007717,True
211,0.41065693,-0.17665553,0.84983265,False
210,-6.954241e-2,-0.13824928,-0.282202,True
209,-0.65820646,0.4974252,-0.39727545,True
208,-5.474806e-3,-0.97646284,-0.5284066,True
207,3.238392e-2,-8.101094e-2,-0.69670904,True
206,-0.1699773,0.75842595,-0.6162728,False
205,0.13543558,0.7869493,0.8971082,False
204,-0.8245058,-0.9970155,0.1748606,True
203,0.4163065,-0.17358994,0.13574421,False
202,0.71469903,0.5432849,-0.88208234,True
201,0.5060911,0.37082732,0.8672744,False
200,-0.51037323,-7.112348e-2,-0.5843477,True
199,-0.6445677,-0.17393756,-0.49558794,True
198,-1.9068718e-3,-8.0132484e-4,0.8128779,False
197,8.883095e-2,-0.49993396,-0.187312,True
196,0.69176674,2.1088839e-2,-0.4577731,True
195,0.9017935,0.4376607,-0.621768,True
194,0.77341735,-9.1540813e-4,0.29123545,False
193,-0.4263091,-4.8442125e-2,0.96701014,False
192,0.6267365,0.7981447,0.27964723,False
191,-0.19683456,-0.46819508,-0.18967032,True
190,0.81677973,-0.36804724,-0.21043277,True
189,0.13547575,0.20027864,-0.9826386,True
188,0.7997502,0.20029771,0.25909078,False
187,-0.48966157,0.47670305,-0.69035745,True
186,0.12398696,0.44445348,0.7897688,False
185,-0.10722327,5.3774476e-2,0.1623944,False
184,-0.9937974,0.80612326,0.33345687,False
183,-0.8879726,-0.7911303,-0.44683552,True
182,-5.9969068e-2,-0.48390603,-0.11860442,True
181,0.46082866,-0.74548864,-0.5656084,True
180,0.13861299,0.7902863,-3.6456347e-2,False
179,-0.31519604,0.35577285,0.27642524,False
178,-0.19842827,0.8651564,-0.7330519,True
177,0.9925394,3.937125e-3,0.34316444,False
176,0.9097047,-7.041943e-2,-0.69755054,True
175,4.7505856e-2,0.23269773,-0.10998273,False
174,-0.44372606,-0.16116214,0.7861047,False
173,0.48535,0.6206211,-0.63694155,False
172,0.22748041,0.51446414,-1.1871934e-2,False
171,0.88383424,0.8089416,-0.16932893,False
170,0.39514422,0.418952,0.6240815,False
169,-0.39727283,0.12626922,-6.571722e-2,True
168,0.84400094,-9.437382e-2,0.987322,False
167,-0.57536244,0.19860506,1.4917731e-2,False
166,-0.2597605,0.7509326,-0.50993335,False
165,0.8207135,-0.2286601,0.88537097,False
164,-0.15118945,-0.3308251,-0.25649595,True
163,-0.55460525,-0.4389832,0.69166386,False
162,0.88538516,-0.40366054,0.723264,False
161,0.7169957,-0.7243302,-0.80768824,True
160,-0.5570568,0.4287659,-0.6790396,True
159,-0.74956274,-0.47809172,0.88239646,False
158,0.33431613,0.69752383,0.7425307,False
157,-0.10349262,-0.5833198,-0.9816631,True
156,-0.21636236,0.22321117,-0.7116351,True
155,-0.2146858,-0.990345,-0.7652229,True
154,0.57165015,-0.8486701,0.99856746,False
153,-0.38379872,0.44577396,0.12567592,False
152,0.49323678,0.35739684,0.610422,False
151,-0.8876724,-0.41657674,0.5103667,True
150,-0.2198466,-0.92205024,-0.31253123,True
149,0.8974223,-0.12020433,0.5816438,False
148,5.9944153e-2,0.9101001,-0.13085842,False
147,0.5940497,-0.45835948,0.62659824,False
146,0.9569931,0.2700554,0.35907805,False
145,0.780555,-0.5544251,0.38837767,False
144,-0.33462358,3.2392263e-2,0.3944533,False
143,-0.4810933,-0.596089,0.5847604,True
142,-0.32120824,0.8132738,-0.15879989,False
141,-0.8836422,0.61867464,-0.8333149,True
140,0.18286884,-0.5006299,0.78520834,False
139,-0.7843611,-3.8731098e-3,-0.9216038,True
138,0.38099563,-0.5500642,0.237674,True
137,0.50399053,0.7917261,0.7506552,False
136,0.5704913,0.26723146,0.22305799,False
135,0.29164612,-0.58752656,-0.34583998,True
134,-0.35420978,-0.6070738,-0.49121666,True
133,-0.66108847,0.88631165,-0.3474977,False
132,0.777308,0.80002606,-0.70118785,False
131,-0.3844602,0.21734095,-0.39585793,True
130,-0.13850999,0.93951035,0.75457776,False
129,0.8228781,-0.7073511,-0.86001647,True
128,0.8408805,-0.20096076,-4.5185924e-2,True
127,-0.32961917,0.17756939,0.39708018,False
126,0.22655928,0.7982696,-0.6470251,False
125,0.3582878,0.30609322,0.9436747,False
124,0.9714016,0.28402305,0.19128084,False
123,-0.29763162,-0.45974874,-0.7693316,True
122,0.46117043,0.57110775,0.5264785,False
121,0.46148014,0.42740452,0.243173,False
120,0.5607562,2.398622e-2,-0.3194903,True
119,0.5503006,-2.582407e-2,-0.5870359,True
118,-0.43561542,-0.8130336,0.5757997,True
117,0.24065971,0.10674751,0.69027066,False
116,9.8109126e-2,0.43288434,0.41307378,False
115,-0.5449822,-0.35150576,0.82359755,False
114,0.79710746,-0.17086613,-0.7977929,True
113,0.52104473,-6.362629e-2,0.2987281,False
112,-0.6949215,-0.4229834,0.6670103,False
111,-0.99747586,-0.17511487,-0.27669823,True
110,0.69151497,0.19206202,0.9537996,False
109,0.18317473,-0.6612555,0.6119118,False
108,1.9081354e-2,0.9030068,0.6097388,False
107,-0.11867213,2.1505356e-2,-0.629213,True
106,-0.81024384,0.20798445,-0.678475,True
105,-0.50104105,-0.34506094,-0.8037869,True
104,-0.67928195,-0.8610151,-0.56389916,True
103,0.8433554,0.57430315,-0.2743677,False
102,0.61814296,0.75084174,-0.9610771,True
101,-0.51264155,-0.82309914,0.1343354,True
100,-0.42548394,-0.881158,-0.33797145,True
99,0.8304547,0.32969368,0.61371017,False
98,-0.18500173,0.59785473,1.628983e-2,False
97,-0.48568344,0.6721616,0.55824995,False
96,-0.5206845,0.6911812,0.15932775,False
95,-0.12345433,0.46052563,-0.9429389,True
94,-0.92383885,0.24247587,0.13266182,False
93,0.92689633,-0.9056245,-0.6435219,True
92,-0.48794973,-0.23341429,5.0909996e-2,True
91,-6.721139e-3,0.61460507,0.3533585,False
90,-0.6091138,-0.44724786,0.56394196,False
89,-0.5208217,0.60903585,-0.35148656,False
88,0.7072499,0.6474713,-0.54411924,False
87,0.2735181,-0.22743487,-0.3917514,True
86,-0.5138227,-0.14290285,0.9843849,False
85,1.9257665e-2,0.46914625,-0.9290545,True
84,-0.621917,-0.515059,-0.9512752,True
83,-0.48619926,0.5761796,-0.25834644,False
82,0.46618378,-0.7855542,-0.70307744,True
81,-0.20266771,-0.8198303,0.8322803,False
80,-0.49496222,0.10580778,0.21373796,False
79,0.8854754,-0.37998438,0.31891155,False
78,0.99931836,-0.5757983,-0.28271735,True
77,-4.5407534e-2,-0.83407223,-0.4989953,True
76,0.95898795,0.767297,-5.7746053e-2,False
75,0.6656201,-0.43255448,-0.19886863,True
74,0.86125124,-0.71111727,0.89720225,False
73,-0.9908434,0.3683884,0.9149573,False
72,0.13082671,-0.24852133,-0.50152576,True
71,-0.5943706,0.866935,0.515594,False
70,0.7815552,-0.59272563,9.226799e-4,True
69,-0.228194,-0.11455989,-0.2751776,True
68,0.45597076,0.8548459,-0.56158435,False
67,-0.23116374,-0.74818087,0.6560137,True
66,-0.29148448,0.6871815,0.58240473,False
65,0.37515926,0.73012125,-0.87860584,True
64,-0.6371411,-4.154396e-2,0.25582182,False
63,-7.562041e-2,0.76551247,0.48537433,False
62,0.28721106,0.3096243,-0.5755632,True
61,-0.87364745,-0.45865297,8.978248e-2,True
60,-9.3199134e-2,-0.49300396,-0.9774698,True
59,-0.7463099,-0.20410872,0.53961456,False
58,0.71416855,-7.673693e-2,-0.34694362,True
57,0.33732903,-0.5221075,-0.62268436,True
56,0.22791302,0.8998977,-0.93500245,True
55,0.35851884,0.41283846,0.8059529,False
54,8.748698e-2,-0.52023125,0.8426944,False
53,-0.45896077,0.2932092,0.9180089,False
52,-0.85276735,-0.36667895,0.43312418,True
51,1.702559e-2,0.92179847,-0.17805564,False
50,2.20685e-2,0.7605002,0.32648265,False
49,1.52698755e-2,0.9079697,0.16879392,False
48,0.17553699,0.26036763,0.9858409,False
47,0.83891094,-0.37313533,-0.28793204,True
46,-0.9782473,0.7625272,4.8752785e-2,False
45,0.5465393,-0.44190526,0.9814875,False
44,-0.91608727,0.1996001,0.39506793,False
43,-5.6911826e-2,0.19063568,-0.69096065,True
42,-9.38828e-2,-0.6986016,0.980976,False
41,-0.6880003,0.9726094,-0.7261226,True
40,0.5962769,-0.1192615,-0.9815202,True
39,4.483509e-2,9.083986e-2,-0.4084617,True
38,0.91891277,0.5235815,-1.8301368e-2,False
37,-0.33391523,0.44755244,-0.9503914,True
36,0.8045429,4.68055e-2,0.3256656,False
35,-0.27358603,-0.11076963,0.927696,False
34,-0.3823099,0.32705688,-6.5668225e-2,False
33,0.87946904,0.531598,-0.9225652,True
32,0.5176798,0.11504078,0.95363784,False
31,-0.2948681,-0.9420183,-6.045258e-2,True
30,-0.31926775,0.2969426,-0.2973231,True
29,-0.35176408,-0.76800406,-3.711641e-2,True
28,0.16884387,-0.6775005,-0.64430714,True
27,0.18894506,-0.3884244,0.78655183,False
26,0.4938432,0.6393838,-0.2471683,False
25,0.69487584,-0.7532785,-0.16502976,True
24,-6.6977024e-2,-0.90565,0.37296796,True
23,-0.50300956,-0.46162963,9.586203e-2,True
22,0.31151068,-0.4513508,-0.77217376,True
21,0.14842737,0.24719763,-0.9571488,True
20,-0.3093636,-0.6487833,0.23409832,True
19,0.63314426,-0.12642717,-0.95442605,True
18,-0.6666317,-0.6965517,-0.9404237,True
17,-0.5434922,0.80457306,-0.19876266,False
16,0.5945927,0.62732506,0.27987218,False
15,0.9146966,0.9129162,-0.31489098,False
14,0.86349416,0.72475004,0.749413,False
13,-0.44352007,0.53645015,-0.8985671,True
12,-0.51246965,-0.15268171,0.6726028,False
11,-0.53189147,-0.4867258,0.12078202,True
10,-0.9837645,0.9969535,0.5724361,False
9,0.9412415,-0.2886083,0.40546417,False
8,0.3011788,0.27128363,-0.82551444,True
7,-0.25651264,-0.15832579,4.7580004e-3,True
6,-0.21406162,0.4614607,0.43050325,False
5,-0.9641479,-6.0114622e-2,-0.10901654,True
4,-0.85953116,0.60277903,0.20871377,False
3,-0.6377393,0.6913954,-1.982832e-2,False
2,-0.10967314,-0.62032855,-0.8526298,True
1,-0.83593535,-0.83514524,-0.49706018,True
0,-0.7824763,0.97025204,0.7069775,False
