999,0.79550564,0.20503354,0.40134883,True
998,-0.3982519,-0.25100958,-0.33086717,False
997,-0.32799017,-0.30199838,0.87105083,True
996,0.26584697,0.83038175,0.60424316,True
995,-0.30292082,-0.19733107,-6.054294e-2,False
994,-4.2851567e-2,-0.27849615,-0.49141765,False
993,-9.246445e-2,-0.5711582,0.2208749,False
992,-0.34241617,-0.36617804,0.9829556,True
991,0.14565945,0.34397566,-0.4388783,False
990,3.4723997e-2,0.2013948,-0.5038022,False
989,0.84259117,-0.6905155,-5.09429e-3,False
988,-2.2633433e-2,0.8332782,2.446282e-2,True
987,-0.70397675,-0.17507112,0.30361152,True
986,-0.2599131,-0.95974255,0.4234035,False
985,-0.8928691,-0.66326475,0.5555546,True
984,0.89778924,0.23233211,-0.7705555,False
983,7.673025e-3,-9.229994e-2,0.7402432,True
982,-0.5553218,-0.6767256,-0.31808043,False
981,-0.62010145,0.10967612,-0.17127967,True
980,0.27886844,-0.55198896,0.9550892,True
979,-0.6816443,0.5068548,-0.6613065,True
978,-0.37476683,-4.632926e-2,-3.6264658e-2,True
977,-0.3530575,0.7603352,-0.37356794,True
976,-0.41201913,0.7154218,0.9684497,True
975,-0.12970805,-0.7232195,5.3976774e-3,False
974,0.5406022,0.6379713,0.2552762,True
973,-0.7858176,-0.7949213,-0.70653045,False
972,-0.49005795,-6.860566e-2,0.43742573,True
971,0.1806227,0.14091384,0.67147565,True
970,0.9255028,1.3269544e-2,0.7890705,True
969,0.21386766,-0.8708035,0.39974546,False
968,0.5036974,-0.9016954,0.6319517,False
967,0.12374663,-0.5976031,-0.55008316,False
966,0.70002806,0.870968,-0.29825783,True
965,0.23513639,-0.32451773,-0.19980848,False
964,-0.86570156,6.299436e-2,-0.87991095,False
963,-8.47888e-2,0.34512925,-0.69459414,False
962,-0.75599515,-0.11337912,0.8255558,True
961,0.40811825,0.7598758,0.34029853,True
960,-0.2808491,0.8723415,0.97444165,True
959,-0.644585,-0.106618285,0.10586953,True
958,0.17046309,0.17996585,-0.7880242,False
957,-0.92229784,0.45040095,-0.46716237,True
956,0.5269246,0.19618475,0.31524968,True
955,0.163306,0.17553484,-0.29677498,False
954,0.40829384,-9.113789e-3,0.97721004,True
953,-0.14534259,0.95820665,-0.74668586,True
952,-0.8665348,0.6940012,-0.241786,True
951,0.7386844,0.40056825,-0.6968236,False
950,-0.9600483,0.47363615,0.41041923,True
949,-0.34536183,0.29275095,8.259463e-2,True
948,0.87599576,-0.2600515,-0.70053303,False
947,0.8068371,6.470883e-2,-0.349957,False
946,0.38745642,0.5963682,0.8315247,True
945,0.31355762,-0.8740325,0.6746073,False
944,-0.9512192,2.2209525e-2,-0.36120784,True
943,0.6598339,-0.37378275,0.88000214,True
942,-0.79818594,-9.450543e-2,-0.90279865,False
941,-0.17759979,-0.5289358,-0.43764818,False
940,-0.9380202,-0.22056723,-0.33033347,True
939,0.9777138,0.31014848,-0.14807057,False
938,-0.6023885,4.826939e-2,0.15396667,True
937,-0.953362,-0.7208171,-9.992182e-2,False
936,0.75611055,-5.369103e-2,0.98959804,True
935,0.2287885,0.6029719,0.1709826,True
934,-0.83209395,-0.14581501,0.8257736,True
933,0.8375597,0.14414132,-0.1600852,False
932,0.5616255,-0.9732456,-0.35696983,False
931,0.34736788,0.508273,0.14542818,True
930,0.16640091,-0.8130828,-0.5524434,False
929,-0.22545636,-0.73419356,-0.9143721,False
928,-0.48253763,-0.5430827,0.17110121,False
927,-0.34838688,-0.28618276,0.7488723,True
926,0.5313189,0.33569884,-0.8869319,False
925,0.94610655,0.17184782,-0.4370023,False
924,0.81872606,0.2952869,0.12608981,False
923,-0.8253573,0.8256333,0.20080566,True
922,-0.9845375,-0.6681844,-0.59375525,False
921,-0.21218193,0.59230065,0.8579377,True
920,-0.8914155,-0.5798043,-0.14895296,False
919,0.5508499,-0.7473204,-4.273522e-2,False
918,-0.535588,0.78996193,0.74975777,True
917,-0.5488117,0.87145567,0.92646146,True
916,4.3913007e-2,-0.54525375,-0.6529982,False
915,0.33048785,-0.15676463,0.9258735,True
914,0.20472705,0.79318726,0.60436463,True
913,-0.6683394,0.6840279,0.21949601,True
912,-0.11755812,-0.661062,0.42257154,False
911,0.105817676,0.9625596,0.99883366,True
910,3.2274127e-2,0.50392663,-0.4567895,False
909,0.26515973,0.8798958,-0.71556413,False
908,0.7199538,-0.7029537,0.5885619,False
907,-0.9969908,-0.99644125,0.8878945,True
906,-0.1665436,0.87330365,0.5694133,True
905,-0.19262314,0.5613806,0.6532203,True
904,-0.110177636,-0.16982806,-0.6115848,False
903,-0.9116497,-0.3893907,-0.52676404,False
902,0.17905104,-0.9994912,-0.1869644,False
901,-0.5032767,-0.29571736,0.55223477,True
900,-0.5909767,0.40990436,-0.20980394,True
899,0.8037369,0.6168033,0.54531467,True
898,-0.63037705,0.53080213,0.28663695,True
897,0.8759147,-0.4095168,-0.60379016,False
896,-0.6528084,-0.3944831,0.90408635,True
895,0.44762707,-5.8199406e-2,0.8426143,True
894,-0.8391259,0.8039938,-7.4603558e-3,True
893,0.1559838,0.62211156,-0.39718807,True
892,-2.5308609e-2,-0.76452434,0.789582,True
891,0.17629099,-0.28557122,0.89271295,True
890,-0.6415256,0.658129,0.5969926,True
889,0.5586871,-0.48586416,-0.72075033,False
888,-0.12469292,-0.81297946,9.458542e-2,False
887,0.37247658,0.44753134,0.33650565,True
886,-0.248878,0.4736601,0.52307916,True
885,-0.27701437,-0.5876806,3.9324522e-2,False
884,0.63910246,-0.12798071,-0.70573795,False
883,-0.23431468,-0.7377367,-0.41158366,False
882,-0.81755614,-0.30992818,0.24034584,True
881,-0.833462,0.658224,-0.65270984,True
880,0.8853345,-8.3988905e-2,0.35205638,False
879,0.27051497,-0.9463452,-7.8543425e-2,False
878,-0.18332839,0.34243047,0.64486706,True
877,0.19740796,-0.24250221,0.5546273,True
876,-0.14261115,0.7143507,0.978925,True
875,0.45439327,-0.18700838,0.3490317,False
874,0.6128901,0.11939371,-0.21848309,False
873,-0.63392794,-0.1176368,0.7560692,True
872,0.6507331,4.7718287e-2,-0.29353404,False
871,-0.14299321,0.7873666,0.71068907,True
870,-0.53587127,-9.5428705e-2,-0.49032688,False
869,-0.76783717,0.116557956,-0.51283026,True
868,0.36332905,-0.940307,0.73379016,False
867,0.14752209,-0.8525572,-0.74420166,False
866,-0.5012107,-0.56812215,0.17868125,False
865,0.42719936,0.31932116,0.70982563,True
864,-0.49779558,-0.26897871,0.2786708,True
863,0.42926526,0.46129906,-6.252408e-2,True
862,5.3242087e-2,0.39596426,-0.5079677,False
861,0.5476097,-0.5490464,0.4960631,False
860,0.2674662,0.20086288,-0.31432378,False
859,-0.39427316,0.19526637,-0.37271094,True
858,-0.9632659,0.57334673,0.67974544,True
857,-0.22275364,-0.64894617,0.47766995,True
856,0.82138026,4.2140245e-2,0.82554066,True
855,-0.66798186,-0.767889,-0.85520947,False
854,-9.057486e-2,-0.40969133,3.5360217e-2,False
853,-0.85474277,0.67139626,-0.9052985,True
852,-0.20602429,0.3032533,-0.41537738,False
851,0.70070183,-0.9733598,0.76487625,False
850,-0.7006552,-0.7298713,-3.3817291e-3,False
849,0.85209167,0.3809762,-0.32951665,False
848,-0.6746038,-0.8581314,0.2878902,False
847,-0.6141231,-0.29452455,-0.66324985,False
846,-0.9313333,-0.6417203,0.2129544,True
845,-0.65560734,-0.3288095,0.7890599,True
844,-0.70492315,0.33636284,-0.8580668,False
843,0.61815345,0.108915806,0.104516864,False
842,-3.3334136e-2,-0.6349938,-0.39182985,False
841,0.5660871,-5.9426427e-2,0.56016064,True
840,-0.69757247,0.5365652,0.67068315,True
839,-0.4599396,0.86762357,0.19134223,True
838,-0.10527313,-0.5662582,-0.46493685,False
837,-0.3951851,0.1874795,-0.3633796,True
836,-0.76333964,-0.62324655,-0.6431601,False
835,-0.47927785,-0.8402058,-0.785534,False
834,-0.9424529,0.33147085,0.4384861,True
833,0.4689691,0.8244797,-0.85282767,False
832,-0.21766603,0.5551108,0.25074828,True
831,0.9501034,0.2869593,-0.2866869,False
830,-0.4763682,-0.5950744,0.14062202,False
829,-0.64967513,-0.10984385,-0.48458624,False
828,0.22058904,3.7648678e-3,0.4636917,True
827,-0.5083908,-6.1313033e-2,0.18259168,True
826,0.61873126,0.80334866,-3.9993525e-2,True
825,-0.33414543,-0.37923157,0.8608005,True
824,0.88123393,-0.36709416,0.8123654,False
823,-0.958464,0.74276674,-0.17576385,True
822,0.7770207,4.2524934e-2,-0.46595538,False
821,0.62128806,0.12087178,-0.6443671,False
820,0.23564398,0.94931805,0.9517454,True
819,0.93187296,0.6191304,0.43820035,True
818,-0.20014513,0.8785937,-0.8630012,True
817,0.4517882,1.0842562e-2,0.35306275,True
816,-0.8453909,0.93418956,5.7904124e-2,True
815,-0.8774351,0.42440212,0.4722166,True
814,-0.957008,0.6048472,0.5384884,True
813,3.4602642e-2,-0.3498317,0.711895,True
812,0.56338525,0.49661684,-0.93226075,False
811,0.3246374,-0.18128955,0.99004924,True
810,0.29056513,-0.3225894,-0.4086727,False
809,0.16735816,0.56487715,-0.82189083,False
808,-0.8745967,0.31178164,1.3360381e-2,True
807,-0.9900775,9.4922304e-2,-0.6837554,True
806,-6.63234e-2,0.23266268,-0.14708209,True
805,-0.8586954,-0.27037776,-0.4080459,False
804,-0.282207,-0.7236427,-0.6686505,False
803,0.19436312,0.6356938,4.436457e-2,True
802,0.772207,0.56432223,-0.3842379,False
801,0.21896219,-0.55572057,0.11976111,False
800,-0.12325466,0.18187201,0.75495076,True
799,0.498142,-0.7845999,0.22414458,False
798,-0.14329183,-0.60283184,0.34560752,False
797,-0.25551057,-3.1342626e-2,-0.7626287,False
796,0.3661325,-2.2360682e-2,-6.616604e-2,False
795,0.6040497,0.3986932,0.60914445,True
794,-0.44952404,-0.69452226,-0.19593275,False
793,6.367552e-2,-0.9037359,0.19362032,False
792,0.5125258,0.82299244,3.8945913e-2,True
791,-0.4003309,-0.215711,-0.87935984,False
790,-0.5749463,0.23496926,-0.1945535,True
789,0.42424977,-0.55807483,-0.91050446,False
788,-2.0675182e-2,6.342721e-2,0.33749342,True
787,-0.11180222,-0.5160676,-0.46429598,False
786,-0.19076455,-0.5343231,-0.30980015,False
785,0.19286644,-0.113227725,-0.8286983,False
784,-0.4355737,-0.30520558,0.52042997,True
783,3.953588e-2,-5.5734992e-2,0.272156,True
782,-0.48100996,-0.70638967,0.52701664,True
781,-0.6504264,0.64010847,0.9120748,True
780,-0.74825656,-0.80743206,-0.6352961,False
779,0.3834027,-0.20432723,-0.28717017,False
778,0.6428838,0.594911,-0.34046614,False
777,0.36377048,1.5605807e-2,-0.49584222,False
776,0.6175668,-0.53846955,0.5624063,False
775,-0.3608148,-0.51513815,0.8208922,True
774,-0.2907896,-0.33661366,0.25855863,True
773,-0.13916337,0.6965226,-0.8666384,False
772,0.23083627,0.5918615,-0.479887,False
771,-0.29515755,-0.15428591,-0.44382012,False
770,-0.64190876,-0.6893859,-0.74756503,False
769,9.570241e-3,0.21966946,-0.37451673,False
768,0.9117652,-0.38918984,-0.4204389,False
767,-0.60502577,0.38573146,-0.13431907,True
766,-0.69162905,3.233576e-2,-0.6027576,False
765,0.37547743,0.13930368,-0.7227466,False
764,-0.26727283,0.4945519,-0.6750287,False
763,0.27746844,-1.8357635e-2,0.6638298,True
762,0.22994721,-0.3996029,-0.8349854,False
761,0.74873185,-0.96347535,-9.218574e-3,False
760,0.34428465,-0.15794718,0.22010028,False
759,0.97651434,-0.60791457,-3.5661936e-2,False
758,0.4478768,-0.34156096,-5.2641034e-2,False
757,0.73849976,0.66108036,-0.3934188,False
756,-0.8121464,-0.2519139,-0.46660495,False
755,-0.25482357,-0.9204594,0.248196,False
754,0.7813388,0.23931336,-0.5809219,False
753,0.6259686,0.66977036,0.7265326,True
752,-7.103276e-2,-0.40841913,0.39094055,True
751,-0.1302278,0.47171152,0.63815045,True
750,3.0350447e-2,-0.24552417,-0.75198245,False
749,-0.2204957,0.419415,-0.5354141,False
748,0.60504794,-0.22429883,0.55690956,False
747,0.6579652,-0.9681084,-0.665027,False
746,-0.9634409,0.5582576,0.12948132,True
745,-0.9131024,8.396709e-2,0.83599794,True
744,-0.28392756,-0.9300097,0.1636585,False
743,0.34314406,-0.5675975,0.21894765,False
742,-0.46628046,-0.6288837,-0.9187757,False
741,-0.27167535,-0.29005122,-0.7497121,False
740,-0.7952962,-0.74187887,0.5824003,True
739,-0.511832,3.976798e-2,-0.9613322,False
738,-0.5388502,0.30187798,0.5563756,True
737,-0.581074,-0.60357857,0.6395502,True
736,0.78494287,0.5207877,-0.7756288,False
735,-0.58427525,-0.9028195,0.40398836,False
734,-7.079804e-2,0.23911345,0.9583485,True
733,0.6623359,-0.76038647,0.61966205,False
732,-0.92747045,0.62641585,0.12718022,True
731,0.8616123,-0.7803165,0.90586233,False
730,0.62156284,-0.46450388,0.96960366,True
729,-0.63351226,0.39682746,-0.20506644,True
728,0.4771502,-0.8841382,-0.52644825,False
727,0.13801551,0.41399276,0.6576164,True
726,0.25804758,-0.69186306,0.47054362,False
725,-0.42498374,-0.9973136,0.92515016,True
724,-0.21872008,-0.44283295,-0.28978896,False
723,0.12951577,0.93987954,-0.4448192,True
722,0.76441157,-0.4427755,0.10787034,False
721,0.8869374,-0.8259305,-0.67767656,False
720,0.7471968,0.7111838,0.52379906,True
719,-9.385705e-2,-0.8469579,-0.16845071,False
718,0.7062808,-0.7090484,-0.27770638,False
717,-0.8189547,-0.77729464,-0.57925844,False
716,-0.6364844,-0.8115529,-0.8605194,False
715,-0.39850748,-0.3270738,0.12640488,True
714,0.39012718,-0.88619816,-0.46522272,False
713,0.7264224,0.90896726,-0.41435385,False
712,0.2797011,-0.31917,0.7348952,True
711,0.44337034,-0.4154744,0.28099704,False
710,-0.50392175,0.996786,0.7742938,True
709,0.97416437,0.5391735,0.1715002,True
708,-0.85504544,-0.5632745,0.79182017,True
707,0.45354974,0.49482608,0.24278855,True
706,0.5781156,-0.6421834,0.51273406,False
705,0.41118157,0.8273047,0.9732436,True
704,-0.13572347,-0.14035761,-0.4910401,False
703,0.60925496,0.9046812,-0.76280785,False
702,0.29517126,-0.34622598,-4.5735598e-2,False
701,0.56747925,0.4926176,0.34801292,True
700,0.65354383,3.1930923e-2,-0.14710331,False
699,-0.49519205,0.2289654,0.566584,True
698,-0.45427632,0.7896234,0.8288655,True
697,-0.9780884,0.51377964,1.9641995e-2,True
696,0.43547642,0.99496996,-0.8962903,False
695,0.38878536,-0.7998599,0.1280384,False
694,-0.8015524,0.58187807,0.461133,True
693,-0.30821002,0.657707,5.5175662e-2,True
692,-4.404652e-2,-0.72735393,-0.25239325,False
691,0.5593697,0.7391875,0.39354157,True
690,0.94837606,-0.21781337,-3.337705e-2,False
689,0.89416885,4.6807885e-2,0.98161316,True
688,-0.24897218,0.45780993,-0.6821711,False
687,-0.26263332,-0.8271569,-0.9698963,False
686,-0.5654191,0.45739305,-0.8623475,False
685,-0.1793592,0.66046786,-0.22387886,True
684,-9.70521e-2,-0.6480764,0.10157323,False
683,0.5411792,8.190739e-2,-0.17134392,False
682,-0.72918355,-3.7424088e-2,-0.17056346,True
681,-0.78484106,-0.39506137,-0.666242,False
680,-0.29237163,0.37461758,0.85283875,True
679,0.58570075,-0.7076242,0.400805,False
678,-0.5415467,-0.9106209,-0.96221256,False
677,0.9565966,0.21719694,-0.50461316,False
676,0.36312616,0.22227895,0.41021872,True
675,-8.29345e-2,-0.26114,0.3313377,True
674,0.72738147,-0.7315054,-8.484244e-2,False
673,0.94569707,-0.12813735,0.96551955,True
672,0.9304781,-0.12421918,-0.48304856,False
671,0.28709495,-0.8053132,0.36344743,False
670,-0.3429221,-0.22229016,-0.66474664,False
669,0.5278716,0.812837,-0.19600666,True
668,0.4894898,-0.2757082,-4.4496417e-2,False
667,-0.3741964,-0.4852804,0.7320138,True
666,0.75960886,0.619038,0.91143394,True
665,-0.2544775,0.9043217,8.3263874e-2,True
664,0.33585286,8.163452e-4,-0.9423145,False
663,-0.114818335,0.42241645,-0.6235596,False
662,-0.3249513,-0.75492966,2.1322131e-2,False
661,0.8719801,0.61545527,-0.2150873,False
660,-0.7874547,-0.16917098,0.34312975,True
659,-0.7737905,-0.28174746,-0.6564275,False
658,0.28234816,0.6697588,0.38396835,True
657,9.952974e-2,2.1108508e-2,0.41667473,True
656,0.7574773,0.8245894,0.32430923,True
655,0.12784672,0.17310274,0.4798416,True
654,-0.36311698,-0.97105885,0.11840403,False
653,-0.6296654,-0.5040846,-0.6509212,False
652,-0.52719283,-0.4359877,4.2939544e-2,False
651,-0.4300593,-0.8074423,-0.53229094,False
650,-0.9717556,-0.41661084,-0.7589506,False
649,0.41686344,-0.17596018,-0.22420263,False
648,-0.25955236,0.334625,0.32745278,True
647,-0.53352785,-0.647642,0.80832136,True
646,-6.858456e-2,0.6478013,0.6076553,True
645,0.20041394,0.5002278,-0.4126202,False
644,-0.8842814,2.3948312e-2,0.28660083,True
643,-0.73857474,-0.58572197,-0.8542179,False
642,0.886325,-0.93190014,-0.7595314,False
641,-0.93436277,0.16552162,0.6800951,True
640,0.5422003,-0.42778754,-0.86232924,False
639,0.724864,-0.4891249,0.9354373,True
638,0.8532227,-0.6202576,-0.5477487,False
637,-0.18740046,0.4550078,-7.722676e-2,True
636,0.50252676,0.78553116,0.9512211,True
635,-0.75131416,0.84953105,-0.18695366,True
634,0.559734,2.0010114e-2,0.5874158,True
633,-0.93915915,-0.95629096,-0.8442284,False
632,-0.40712917,0.8851727,-0.5652964,True
631,-0.6987636,1.2358546e-2,-9.0690374e-2,True
630,-0.6782216,0.12744856,0.21533132,True
629,0.7250005,1.2484789e-3,-0.61281705,False
628,0.23138809,0.14308286,0.81688666,True
627,-0.63611424,-0.83990085,0.1870482,False
626,-0.78393066,0.124940515,0.9907663,True
625,-0.23884499,-0.4164878,-0.66453826,False
624,-0.38792694,-0.27471244,0.8793999,True
623,-0.5995662,-0.8426448,-0.48483562,False
622,0.5007533,5.182028e-3,-5.8401704e-2,False
621,0.34917414,-3.4383655e-2,-0.55000365,False
620,-0.36266935,-0.6153139,-0.8475386,False
619,0.6206634,2.0236254e-2,-4.276395e-2,False
618,0.44674897,0.31692767,0.67393506,True
617,-0.2150842,0.8440267,0.86076593,True
616,-9.866834e-2,-0.44765937,-0.19005442,False
615,-0.96165633,-0.73014235,-0.6171701,False
614,-0.5231286,-0.33765554,-0.25615907,False
613,0.7572162,-0.12608612,-9.9220514e-2,False
612,0.9298222,0.8582103,0.12292206,True
611,0.9769882,0.8785403,-0.624226,False
610,0.10112488,-0.93330956,9.980321e-3,False
609,-0.70193565,1.4484644e-2,-6.546235e-2,True
608,0.21222925,0.59956205,-0.6966921,False
607,0.7735237,-0.27899063,-0.14015162,False
606,0.58998597,0.84795403,0.6996311,True
605,-0.8692695,-0.32974398,0.4911437,True
604,0.35910785,0.41594815,0.6518383,True
603,0.66739476,-0.34936285,0.5834398,False
602,0.99893844,-0.6554767,-0.43767035,False
601,0.60431707,-0.4817667,0.10584414,False
600,-0.45093417,-0.56854916,0.6562642,True
599,0.8123319,-0.9460573,-0.4684602,False
598,2.1373987e-2,0.5351511,0.884882,True
597,0.96882164,-0.9808767,0.97369194,False
596,-0.23159838,0.49092305,-0.25685573,True
595,-0.93325174,0.23730624,-0.27650058,True
594,0.17518854,0.68315125,-0.5399101,False
593,0.82944906,4.5564175e-3,0.5208614,False
592,-0.506901,0.8226975,-6.127572e-2,True
591,-6.858063e-2,0.36958396,0.6345155,True
590,0.3071741,-0.18937576,-0.4354385,False
589,-0.5610814,0.944968,0.4460274,True
588,-0.62383616,0.11456168,0.91206324,True
587,0.7610837,0.18083775,0.13063121,False
586,0.59163773,-0.99513817,-0.5155057,False
585,0.7773498,0.33158088,-0.45629072,False
584,-0.24136603,-0.35022175,-0.54102516,False
583,0.57407963,0.9384906,0.74459696,True
582,0.35171545,0.25966084,-9.612632e-2,False
581,0.89731133,-0.9506829,0.11296964,False
580,-0.28940248,-0.5197731,0.41107166,True
579,0.5955219,0.744007,0.7937014,True
578,-0.86626637,-0.18138671,-0.47894716,False
577,-0.7860658,-0.7244451,0.14988673,True
576,0.24686909,-0.83495116,0.43641222,False
575,0.71358,-0.8901087,0.943203,False
574,-0.21044898,0.4282577,-0.54016423,False
573,-0.80870867,-0.110040665,-1.933968e-2,True
572,0.44178855,4.582119e-2,0.9004011,True
571,-0.3744806,0.96216094,5.929625e-2,True
570,0.7247498,-0.3734355,-0.35372317,False
569,0.48436475,-0.9045117,0.8956629,False
568,-0.5224341,0.501981,0.8871318,True
567,0.11648333,0.50977945,0.3558222,True
566,0.25771177,0.34589612,0.7984139,True
565,-0.32204401,0.3846476,0.12394798,True
564,0.16192615,0.43116486,-0.81411064,False
563,-0.20701158,-0.63391197,0.92255545,True
562,0.78068495,-0.88521504,0.7010963,False
561,-0.22602642,-0.35196602,0.6700252,True
560,-7.980144e-2,0.9292381,0.91112185,True
559,0.7082455,0.96365726,0.68734586,True
558,-0.74610543,-0.4220755,0.37035286,True
557,0.21322906,0.83695316,0.4325118,True
556,-0.9018817,-0.6246904,0.37324834,True
555,-0.3301605,0.22165489,-0.655632,False
554,-0.13778555,0.58521914,0.64214563,True
553,-0.89131117,-0.7220346,0.19442356,True
552,6.224072e-2,-0.5997486,-0.7916837,False
551,0.4324249,-0.23038578,-0.1329925,False
550,-0.229285,0.28675497,-0.44647872,False
549,3.7519336e-2,0.15826118,0.51533496,True
548,8.323121e-2,-0.6587601,0.85158145,True
547,-0.23121715,-0.848045,-0.7808337,False
546,0.10997641,-0.9255315,0.13675988,False
545,-0.37768877,0.8948418,-0.4737761,True
544,-0.467548,0.92371917,-0.95261824,True
543,-0.8721129,0.62409854,0.9324118,True
542,0.9300866,0.26316786,0.55196416,True
541,-0.74457216,0.8565712,0.5338917,True
540,-0.40663278,0.15534508,-0.34216738,True
539,-0.43080425,-0.2009716,-0.3343451,False
538,-0.8866856,-4.5689702e-2,0.90440106,True
537,-6.98117e-2,0.40335858,0.7486594,True
536,-0.63890123,0.39151633,-0.31828356,True
535,-0.662259,-0.7958698,0.17400503,False
534,-0.8373593,-0.79177403,-0.2995323,False
533,-0.64648116,-0.56802785,0.87658834,True
532,0.73703504,-0.28007424,0.52978265,False
531,0.96903706,3.2871366e-2,-0.50505364,False
530,-0.66942537,2.2097707e-2,-0.58302534,False
529,0.9428495,0.22518444,-0.97310567,False
528,0.8421118,0.7466279,0.36182714,True
527,-0.849555,0.6193696,-0.9662056,True
526,-0.6985549,0.343539,0.6983886,True
525,-0.13888896,-0.59890854,-0.5673734,False
524,0.8857589,-0.8908638,0.48261285,False
523,0.24741375,-0.83722186,-0.33922887,False
522,-0.44642234,0.7495642,-0.4211099,True
521,0.35908878,0.12281656,0.33464706,True
520,0.77001977,0.15340889,-0.47058928,False
519,-0.926335,-5.766177e-2,-0.5215223,True
518,0.9014754,-0.61240077,0.22944283,False
517,0.92030764,-0.22245467,0.23947322,False
516,0.83760095,-0.8350557,0.5394833,False
515,-0.41539383,-0.15902495,0.7774813,True
514,0.434057,-0.61300015,-0.9623518,False
513,0.8524524,0.67622817,-0.31212974,False
512,0.86481655,0.28061795,-0.8694899,False
511,9.096336e-2,-0.9682847,0.26759815,False
510,0.5768148,0.40742218,-0.33849704,False
509,-2.8140545e-2,-0.9116932,2.87776e-2,False
508,0.5218059,0.49573636,-0.23536062,False
507,0.4858998,-0.3367598,0.5883584,False
506,-0.16691375,0.6615429,-0.83891416,False
505,0.5687525,-0.6788043,0.17148042,False
504,7.278907e-2,-8.5100055e-2,-0.6019542,False
503,-7.405603e-2,0.8493538,0.8307897,True
502,0.23996913,2.4980783e-2,0.40175235,True
501,0.95299876,0.300043,-0.4600321,False
500,0.13557029,0.5775709,0.4837166,True
499,0.42385495,-0.55848515,-0.82781386,False
498,-0.2968334,0.70695674,0.6066483,True
497,5.5060983e-2,-0.76384866,-5.0641656e-2,False
496,-0.97868633,0.747736,-0.92060626,True
495,-2.5903463e-2,-0.65290546,-0.8326249,False
494,-0.3843981,0.53522885,0.14654076,True
493,0.6507553,9.696233e-2,-0.24835098,False
492,0.5098201,-0.6095023,-0.34750056,False
491,2.0979881e-2,9.216189e-3,0.561025,True
490,0.6295085,0.9439753,0.7678281,True
489,0.9693682,-0.50712776,0.2817402,False
488,0.34814644,0.11451316,0.6847354,True
487,0.42178237,-0.3967247,0.6312896,True
486,0.66690004,-0.3745067,-0.61512434,False
485,-0.8925618,0.10886276,-0.9346739,False
484,-6.380606e-2,-0.40774572,-0.75332475,False
483,-0.43128073,-0.9050207,9.118509e-2,False
482,-0.5174711,0.25776064,0.4123454,True
481,0.86088526,-0.6605065,0.6903727,False
480,0.71771836,-0.36290443,-0.7678598,False
479,0.98266006,-0.5069448,-0.45548785,False
478,-0.8389902,0.79140246,0.5660981,True
477,-0.5924822,0.8865155,0.22352529,True
476,0.3379022,-0.75995255,0.90121424,True
475,-0.75188637,-6.316495e-2,0.90975595,True
474,0.9664558,-0.9134364,-0.28695822,False
473,-0.55179656,-0.4670869,0.5552937,True
472,-0.42603493,0.25019455,-0.5002556,False
471,0.93308616,-0.7659159,0.8767723,False
470,-0.13851464,0.65743756,0.8502563,True
469,1.5964866e-2,0.72874475,-0.91608703,False
468,-0.76440704,-0.9454371,0.39287293,True
467,0.39128637,6.205237e-2,0.6657859,True
466,9.561825e-2,0.8226268,8.390653e-2,True
465,0.36658716,0.91294265,-0.20819509,True
464,0.124186754,-6.366503e-2,0.57697725,True
463,-0.77704084,0.48445666,1.12473965e-2,True
462,0.8555443,-0.65438783,-0.6936861,False
461,0.14507818,0.24410725,0.60758686,True
460,0.7257992,-0.8818823,0.5576639,False
459,-0.7090664,0.80325866,0.59318936,True
458,0.86971784,0.51113343,-0.4435569,False
457,0.39032602,-0.38592994,0.94465184,True
456,0.4180051,-0.72718287,0.3366543,False
455,-0.611011,-0.31558633,2.7996302e-3,True
454,0.6161679,0.9675443,0.6352643,True
453,0.7321187,-0.59420085,-0.9496788,False
452,0.997257,-0.53831375,-0.7966993,False
451,-5.9401274e-2,-0.581303,0.20665681,False
450,0.6466416,0.7610018,0.11746347,True
449,-0.60871506,-0.3934492,0.5321834,True
448,-0.6208087,-0.1418488,-0.8530984,False
447,0.28362143,-0.92960536,0.35352707,False
446,0.7329451,-0.62888193,0.69901705,False
445,-0.42322457,-0.42678094,-0.10318899,False
444,-0.9922745,-0.78627205,-0.4627869,False
443,0.5582261,0.39282393,0.8157536,True
442,0.10960007,0.2915057,0.94691837,True
441,-0.9123,-0.88892436,-0.80910754,False
440,0.18765152,-0.56376004,-0.28681374,False
439,-0.23556757,-0.60585046,0.51416564,True
438,-0.909335,0.72283626,-0.5900171,True
437,0.5257702,-0.293589,-0.6844939,False
436,0.8606794,-0.86963,-0.11853635,False
435,-0.41149008,0.87044835,0.5680958,True
434,0.10735476,-0.62387633,0.60418355,False
433,0.64598966,0.42291403,7.245362e-2,True
432,-0.28549004,-0.895486,-0.8095207,False
431,0.66690314,-0.5429071,-0.89053845,False
430,-0.67976797,-0.38837838,0.6479354,True
429,0.17370701,-0.7659445,0.78247905,False
428,-0.53158355,0.34991455,-5.522096e-2,True
427,0.5861777,0.7811414,0.78080285,True
426,0.7587817,0.52035964,-0.57902753,False
425,0.38517964,-0.7858875,0.90055907,False
424,0.4341687,0.3694433,0.5819931,True
423,-0.8915385,0.6631429,6.029129e-3,True
422,4.779589e-2,0.2151444,-0.529081,False
421,0.67415845,-0.66588056,0.6511587,False
420,-0.36315012,0.5746777,-0.99036014,False
419,-0.7196889,-0.6338297,-0.8803843,False
418,-0.52817345,-0.42023003,0.16487849,True
417,0.76050854,-0.28764832,2.6828408e-2,False
416,0.18401957,-0.773569,-0.33296502,False
415,-3.449607e-2,0.75474906,0.70973146,True
414,-0.9817996,0.7798172,-0.8537147,True
413,-0.70629656,-0.26881433,-0.8188597,False
412,0.6759651,7.729721e-2,0.9862845,True
411,0.4555334,0.29437876,-0.3844936,False
410,-0.38180232,0.38809335,0.33455157,True
409,-4.8077106e-2,-0.5055157,-0.16368628,False
408,-0.49462473,-0.8645524,0.8951454,True
407,-0.17534184,0.48531008,-4.2122602e-2,True
406,-0.72257507,0.7490721,7.1871996e-2,True
405,-0.2193116,0.45280385,0.29177737,True
404,0.3709644,-0.30205798,-0.25771618,False
403,-0.8219148,-0.15133548,-0.20743227,True
402,-0.6819123,-0.15664053,-0.8829839,False
401,-0.247221,-0.7033006,0.6199492,True
400,0.58302224,0.8368772,-0.5848459,False
399,-0.7447969,0.6838491,0.9398614,True
398,-0.12903762,-0.7190572,0.27503276,False
397,-0.37410307,-0.55135274,-0.18540812,False
396,5.5145025e-2,-0.10037255,-0.5882603,False
395,-0.25169444,0.43022192,-0.96967375,False
394,-0.7626028,0.39781094,-0.9510448,False
393,0.8909272,-0.79462206,-0.13903213,False
392,0.5302788,0.9391128,0.21307778,True
391,-0.5250442,0.965039,-3.7778974e-2,True
390,0.36061478,-0.5346532,-0.6049236,False
389,0.4098177,-0.46546042,-0.40581357,False
388,-0.86028636,-0.9328035,-0.302181,False
387,0.24487126,0.11981583,-0.59653056,False
386,-0.9133533,-0.37434042,0.704785,True
385,-0.5833837,-2.124381e-2,-0.70563924,False
384,0.576357,-0.4029268,7.664466e-2,False
383,0.52502656,-0.993289,-0.65631795,False
382,0.41607857,0.67598176,0.7091553,True
381,0.27881896,-0.8353354,-0.2746153,False
380,-0.8335433,-0.24019337,-0.40521097,False
379,0.48225892,-0.75214267,0.80781245,False
378,0.14723825,-0.36054015,-0.2496512,False
377,-0.27199078,-5.173719e-2,-0.3620081,False
376,-0.85237193,5.4237843e-3,0.8176334,True
375,-0.3679948,-2.8259039e-2,0.5310781,True
374,-0.30021107,-0.27916074,0.2110759,True
373,-0.8318702,2.5009632e-2,4.6023488e-2,True
372,0.27768183,0.3268819,0.6484983,True
371,0.31865108,0.3737036,-0.6004213,False
370,0.9870118,4.559982e-2,-1.7095208e-2,False
369,0.17733383,-0.7090906,0.3549266,False
368,-0.61562467,-0.16206706,0.89101624,True
367,-9.8466516e-2,0.3860911,0.14951038,True
366,0.12760723,-0.31782162,0.24256241,False
365,4.1424632e-2,0.23424554,0.96470594,True
364,0.94776905,-0.62178206,-0.82572365,False
363,-0.9673574,0.2723484,4.793513e-2,True
362,0.21822798,-0.31721473,0.5770488,True
361,0.69989145,0.5528419,0.991449,True
360,-0.7724247,0.8422998,-0.5607381,True
359,0.56563365,0.8783405,-0.46993446,False
358,-0.98319244,0.14097226,-0.58783877,True
357,0.35921097,-0.12690341,-0.4768306,False
356,-0.50213146,-0.69118273,-0.20004165,False
355,0.20122993,-0.96103823,-0.7735858,False
354,0.34091806,4.7407746e-2,0.8064194,True
353,0.10570252,0.6599982,-0.22871757,True
352,0.9557111,-0.4234059,-0.32786107,False
351,-0.2899816,0.9218056,0.7406808,True
350,0.105775595,0.2836492,-4.1031837e-4,True
349,0.32173145,-0.91892457,-0.18720472,False
348,6.63867e-2,7.984805e-2,0.9674188,True
347,5.7599545e-2,-1.3175964e-2,-7.8691244e-2,False
346,0.8806759,-0.8302957,-0.13466167,False
345,0.1781913,0.2528875,0.42960954,True
344,-0.2372272,0.93028784,-0.45126915,True
343,-0.62469256,-0.34428227,0.961771,True
342,0.7237457,0.2077614,0.9248624,True
341,-0.23485482,-0.7051375,0.9474616,True
340,-0.32084322,0.1250999,-0.62314963,False
339,0.7186589,-0.3341838,0.9662498,True
338,-0.3625425,-0.90828574,0.16282904,False
337,0.21626627,0.67832685,-0.36368442,True
336,-0.3803767,-0.33262587,0.8672434,True
335,0.11296821,0.34666348,-0.6807091,False
334,-0.5468217,0.91755736,0.40534878,True
333,-0.9241351,-0.3708514,-0.2742393,False
332,-0.8322977,-0.66893876,-3.5202265e-2,False
331,-0.81914365,-0.7723478,0.48447847,True
330,-0.8540484,8.519089e-2,-0.108142376,True
329,0.9729744,-0.32953453,-0.25715053,False
328,0.36606395,-0.34289253,0.19246578,False
327,0.7552419,-0.54560196,0.6848291,False
326,-0.2754917,0.27483332,0.97230065,True
325,-0.6150843,-0.10755038,-0.8246815,False
324,-0.12488818,-0.25335073,0.86732364,True
323,0.1749686,-0.29106688,0.6066129,True
322,-0.38416243,-0.9473729,-0.38420594,False
321,-0.24998868,-0.78804386,-0.9591291,False
320,0.13681555,-9.740758e-2,0.74373424,True
319,0.1354456,-0.3413489,0.36893952,False
318,0.79678774,8.8630676e-2,0.14664996,False
317,0.24448514,0.41800332,0.9449177,True
316,0.93374825,-0.3855871,-9.3526006e-2,False
315,0.2471844,-0.76530516,-0.62499917,False
314,0.6806135,0.8380033,-0.47029173,False
313,-0.10586178,-0.7336757,0.8201395,True
312,0.71286976,0.6180284,0.78530526,True
311,0.12133539,7.8360915e-2,0.72048414,True
310,0.8177475,-0.24473035,0.66760814,False
309,0.37587392,-0.37177908,-0.92461824,False
308,0.7768049,-0.9153956,-0.31028378,False
307,0.18565309,-0.57200325,0.69989693,True
306,0.4466802,0.83158636,0.38798285,True
305,-0.8047987,0.9816843,0.46094084,True
304,0.9348279,-0.41030467,-0.332062,False
303,-7.178104e-2,-0.28612912,9.267807e-2,False
302,-9.210467e-2,-0.31821704,-0.3544911,False
301,4.064548e-2,-0.62460196,-0.6414603,False
300,-0.7563149,-0.35520494,-0.48546255,False
299,0.9111842,-0.63089883,-9.155333e-2,False
298,0.9341625,0.8236171,2.7747989e-2,True
297,-0.41443062,-0.30410278,-0.8624424,False
296,4.2602062e-2,0.18744528,-0.70295787,False
295,-0.67509615,-0.86593044,-0.32640386,False
294,0.62763953,-0.44544256,-0.6284033,False
293,0.5629933,0.9833473,0.81766725,True
292,-9.880245e-2,-0.8034278,-0.9382328,False
291,-0.24639022,0.7403443,0.119534254,True
290,0.3222443,0.38949716,-4.373312e-3,True
289,0.81235194,-0.9282509,-0.2928064,False
288,-0.90427494,-0.14265895,-0.37333572,True
287,0.21265042,-0.5202888,-1.8321514e-2,False
286,0.16684997,-0.8250066,-0.17921293,False
285,-0.8083352,-0.18099773,-0.35277724,False
284,-0.7502769,0.4027977,-0.3886249,True
283,0.99452424,0.91549313,-0.7428397,False
282,0.41732776,-0.9939816,0.7732619,False
281,0.5529461,0.103609085,-0.6501254,False
280,6.685984e-2,0.42588282,-0.1224252,True
279,-0.9797528,0.74005365,-0.6885046,True
278,0.9986985,0.3955468,7.7584386e-2,False
277,-0.336133,0.85187423,0.8173665,True
276,-0.123523,0.1370647,-0.76874113,False
275,-0.46940887,-0.8193176,-0.5069232,False
274,0.64219415,0.47066772,-0.20355797,False
273,0.12736738,-0.6281787,-0.87470007,False
272,0.13175464,-0.95001996,0.9879494,True
271,0.94780254,0.32637453,-0.58736837,False
270,0.49029922,0.49761438,0.29953885,True
269,-0.64614975,-0.48452687,0.19676006,True
268,-0.97528124,-0.2162317,-0.49679875,False
267,-0.55391634,0.749256,0.8314558,True
266,0.43203735,0.82664585,-0.47149527,False
265,0.8612883,0.62379646,0.5934963,True
264,-0.14800358,0.54875517,0.8269563,True
263,9.7726226e-2,-0.80627346,0.61370575,False
262,0.6158254,0.41322672,-0.457188,False
261,-0.29312932,0.19533718,9.670591e-2,True
260,0.5115769,0.9756479,0.15683186,True
259,0.84402895,0.79165363,0.5406841,True
258,0.8713207,0.74853325,0.13230145,True
257,-0.6823906,0.52199936,-0.99714744,False
256,-0.27709317,-0.13273656,0.38676286,True
255,0.3746401,0.9614018,-0.7958946,False
254,0.90856004,0.3962803,-0.129112,False
253,-0.72188056,0.47203863,-0.45889533,True
252,0.41741753,0.47824943,-0.4428419,False
251,0.43359733,0.3419875,-4.066229e-3,True
250,0.6169431,0.44282806,0.69098544,True
249,-0.34885406,-0.15580404,-0.8650384,False
248,-0.19446826,0.47580338,-0.8060086,False
247,-0.18271708,-0.31898582,-0.7743118,False
246,-0.9417536,-0.18539977,-0.10940075,True
245,0.8331497,0.17399347,-0.19498742,False
244,0.37863088,0.685954,-0.20736718,True
243,0.70324314,-0.96145296,-0.8026705,False
242,0.1326989,0.5017432,-0.7451999,False
241,0.2564504,0.21059191,0.44139218,True
240,-0.70210934,0.19896746,0.96816945,True
239,0.46569836,0.33017135,-7.9815984e-2,False
238,0.69112015,0.20738626,0.6003196,True
237,-0.5941863,0.23601532,-0.90566134,False
236,-0.13499987,-0.33919466,-0.3651669,False
235,-0.29950857,-0.56856036,-0.7995535,False
234,0.7567147,0.12424505,-0.67218924,False
233,0.18952954,0.46260214,0.4499278,True
232,9.48621e-2,0.1434462,0.7268144,True
231,0.43208313,0.6671003,0.7112193,True
230,-0.7055005,-0.59912,0.9906579,True
229,-0.52031994,0.14453459,0.65621233,True
228,-0.656826,-0.7449055,0.7197224,True
227,-0.790786,0.8165381,0.5339943,True
226,-0.3322718,0.6444557,-0.23245525,True
225,0.10935032,7.244313e-2,0.33130598,True
224,-0.22331941,0.20180213,0.41425312,True
223,-0.18062687,-0.5405685,0.13674378,False
222,-0.244807,-0.2754804,-0.21201801,False
221,0.44667542,0.7167276,0.65888,True
220,0.36805665,0.5526577,-0.39497328,False
219,0.4440956,0.61100495,0.20768285,True
218,0.74979115,-0.7553588,0.22427571,False
217,-0.1037122,5.693555e-3,-0.9192666,False
216,0.14657271,9.260166e-2,6.6729784e-3,False
215,0.28344417,0.6744683,0.16505504,True
214,-0.23511231,-0.8258816,-0.6982949,False
213,-3.4056425e-2,0.44510698,-0.49894404,False
212,0.62697923,-0.7254913,3.553641e-2,False
211,-0.1711744,0.3505075,0.7081479,True
210,-0.93079114,-0.8768923,0.7208781,True
209,-0.34473884,-0.1697501,-0.43138528,False
208,-0.24210572,0.15883684,-0.8332299,False
207,-0.8241286,-0.18137479,0.118934155,True
206,0.92064595,0.87799656,-0.8492389,False
205,0.6003703,-0.37937796,0.7143539,False
204,0.83083546,-0.14081109,-0.8864893,False
203,-0.89780855,-0.16404593,4.5872927e-3,True
202,-0.25891614,-0.26589835,0.6947818,True
201,5.3504586e-2,0.7979635,0.5973201,True
200,-0.9715748,-0.17648184,0.6755618,True
199,0.11458433,0.9234319,-0.901911,False
198,0.64782476,-0.5482111,0.18579745,False
197,0.8148178,0.6271024,-0.64861536,False
196,-0.8128544,-0.9787829,0.8639592,True
195,0.8288343,0.42757618,-0.9124291,False
194,-0.99957573,-0.815611,0.9817312,True
193,-0.118171215,0.8457277,-0.8630184,False
192,0.7287228,-0.25990653,0.6934091,False
191,1.8518329e-2,8.9992285e-2,-0.13843238,False
190,-0.8143667,0.88901067,0.99416924,True
189,5.5580497e-2,-0.25683165,-0.6997669,False
188,0.8260679,-0.26360583,-0.10921049,False
187,-0.86873853,0.5178716,-0.70598793,True
186,0.29382408,-3.591776e-3,-0.8581437,False
185,0.643484,-0.8992542,-0.9667194,False
184,0.88394225,5.3867817e-2,0.6363634,True
183,0.21060848,-0.96414924,-0.21629488,False
182,-0.11391282,0.62599075,-0.761544,False
181,0.21389914,0.55792546,0.86219954,True
180,-0.5408894,0.24647689,-0.85264015,False
179,-0.79894435,0.3220179,0.9084958,True
178,0.9632411,5.5811405e-2,0.6965728,True
177,0.997777,-0.68467665,-0.44667232,False
176,0.31490743,-0.3479358,0.18450046,False
175,0.9528514,-4.178214e-2,-0.7256743,False
174,0.35843134,-0.24434805,-3.876686e-2,False
173,0.85533655,-0.8695301,-0.511636,False
172,-0.3290292,0.56307983,-0.4684465,True
171,0.34242296,0.6458334,0.19949973,True
170,0.5990298,-0.491238,0.20100331,False
169,-0.49559712,0.41439843,-0.9712688,False
168,-0.1115849,-0.71919835,0.27361906,False
167,-0.5344105,0.7681223,-0.9408127,True
166,-5.8620214e-2,0.99724376,0.21897948,True
165,-0.50155604,0.9027214,-0.316159,True
164,-0.54962635,0.50431216,-0.86706746,False
163,-0.35375094,0.23114431,1.2220979e-2,True
162,-0.60297906,-0.8652059,0.57630146,True
161,-0.1838733,0.78799057,0.29584932,True
160,-0.38714898,0.30472445,-0.80314755,False
159,-0.17570448,0.4182701,-0.36422205,True
158,0.37542117,-0.46018934,-0.19508207,False
157,0.54663086,0.7603892,-0.35244918,False
156,0.8487303,-0.47265637,0.57389915,False
155,0.96950936,0.1439383,0.32048666,False
154,-0.30468976,0.23321664,-0.58657503,False
153,9.969139e-2,0.97171676,0.7073871,True
152,-0.7276379,-0.91752815,-0.53940606,False
151,-5.2296042e-2,0.83775496,-0.54158235,True
150,-0.79085934,-0.8629292,0.41151738,True
149,-0.45641994,-0.38235688,0.1454134,True
148,0.64357364,-0.14494777,0.4849229,False
147,-4.319346e-2,-0.580848,0.9392028,True
146,0.7224474,0.13922393,-0.6942582,False
145,0.96373785,0.59247255,0.5936903,True
144,0.65122426,-0.18941867,-0.8291178,False
143,0.25325,-0.8283161,0.9998691,True
142,0.27748883,-0.8822117,-0.4469068,False
141,-0.73011374,-0.68397975,-6.605029e-3,False
140,0.3342024,-0.5165714,-0.62024236,False
139,9.800053e-2,0.8253484,4.5731544e-2,True
138,0.6492251,-0.63305426,0.33439815,False
137,0.21459615,-1.7278075e-2,0.83518445,True
136,-0.5115677,0.26396108,0.1864518,True
135,-0.91471314,0.44834232,-0.6403024,True
134,-0.39358783,-3.0999064e-2,0.772755,True
133,-0.4808154,-5.6819916e-2,0.83379376,True
132,0.65068567,5.0768733e-2,-0.9466305,False
131,0.758494,-0.4599117,0.13420892,False
130,0.14513934,0.97520983,-1.1845231e-2,True
129,-0.23769438,0.83613896,0.14126158,True
128,-0.94399154,-0.3182993,0.96864164,True
127,-9.083295e-2,-0.96037817,0.6031561,False
126,-0.5628356,-0.43983412,-3.3801675e-2,False
125,0.21054673,0.2536118,-0.34155273,False
124,0.4958526,-0.11427355,0.75370324,True
123,0.37276018,-0.16502714,0.5150925,True
122,0.377913,0.69622374,0.7225709,True
121,-0.92804563,0.72553384,0.14149976,True
120,-0.16067278,-0.2062856,-0.4805646,False
119,0.39981794,-6.60038e-3,0.72532153,True
118,-0.36734653,0.46077478,-0.16546285,True
117,-0.5503317,-0.22685587,0.87140775,True
116,-0.5189434,0.9324031,8.194721e-2,True
115,0.42259288,0.32769454,-0.6227509,False
114,0.3880459,0.7153803,0.5573524,True
113,0.7069135,-0.19732082,-0.9401908,False
112,0.23427546,-0.71284974,-0.38586414,False
111,0.63099015,9.023547e-2,0.6396059,True
110,-0.47035456,-0.5692053,0.16547513,False
109,-0.7884151,-0.47300172,0.8254324,True
108,-0.39249325,-0.5815331,8.334863e-2,False
107,-0.96957886,-0.12594736,0.70543647,True
106,0.7169846,9.964502e-2,7.241583e-2,False
105,-0.33420455,-0.45497966,-0.96320164,False
104,0.37374914,0.5809752,-0.89324594,False
103,0.15299654,0.23087525,-0.33123624,False
102,0.7675855,-0.91105914,-0.33404148,False
101,0.17002702,0.7678474,-0.8539187,False
100,3.186345e-3,-6.787121e-2,0.96728635,True
99,0.683517,-0.5373497,0.24721014,False
98,-0.9997939,0.6407536,0.68986297,True
97,0.18115842,0.33716047,-0.65063655,False
96,-0.82216454,-0.63868713,-0.47120643,False
95,0.77071834,0.6729646,-0.18362737,False
94,0.19978273,0.16829634,-0.48225784,False
93,-0.8429215,0.9358759,-0.5792557,True
92,0.3396548,-0.8974546,0.7016437,False
91,0.823066,0.7958138,0.565652,True
90,-0.9738394,-0.566949,-0.6149999,False
89,-0.653116,-0.4349507,-0.3612591,False
88,-0.25491166,-0.8738977,-0.98326814,False
87,-0.69014156,-0.16430902,0.28143644,True
86,0.6277065,-0.2033056,-0.6678958,False
85,0.9011345,0.44481575,-0.38966775,False
84,-0.7105392,-0.26899385,0.7167504,True
83,0.29289973,3.0202627e-2,-0.6756643,False
82,0.6769061,0.57302284,0.40248024,True
81,-0.7951869,-8.081949e-2,0.7396791,True
80,0.6513612,-0.4008577,0.29429185,False
79,-0.8037665,0.1881994,-5.2130222e-2,True
78,-0.96618426,-0.7715986,0.8118007,True
77,0.70800257,-0.9256692,0.68548965,False
76,-4.0153027e-2,-0.4270531,-0.74793863,False
75,-0.9044846,0.67224705,0.5271964,True
74,9.773123e-2,-0.46348727,0.5607437,True
73,0.9143411,0.24768889,-0.92515707,False
72,-0.2893033,-0.1907196,0.46424258,True
71,-0.69529986,6.2166214e-2,6.538308e-2,True
70,-0.8344103,-0.3041935,0.7857014,True
69,0.18735516,-0.7877749,0.65318525,False
68,0.95911634,0.7601253,0.6783947,True
67,-0.45333254,0.51004136,-0.65267813,True
66,-0.6838168,-8.813381e-2,-0.6632911,False
65,0.8320005,-0.7580272,-0.96701455,False
64,0.46666443,-0.9755392,-0.40195322,False
63,-0.50337386,0.51710844,-0.52876174,True
62,-0.9998679,0.91243684,0.707621,True
61,-0.72648036,0.99091315,-0.84227943,True
60,-0.8557502,-0.46244633,9.7331166e-2,True
59,7.3951125e-2,-0.7526865,5.044186e-2,False
58,-0.68281746,0.34025455,-1.8103719e-2,True
57,-0.703215,0.19691944,0.9011375,True
56,-0.65473115,0.4362309,-0.5548612,True
55,0.32665408,0.38574028,-0.3107984,False
54,-0.22744167,-0.97549057,-0.47590292,False
53,0.20312238,-0.43675828,0.49477267,False
52,-0.81946397,-0.9753027,-0.3970313,False
51,-0.22804415,-0.29223716,0.6175698,True
50,3.845668e-2,-0.2796147,-0.16297925,False
49,-0.91141844,0.8036773,0.28475142,True
48,-0.87192786,-0.8922876,-3.3534765e-2,False
47,0.96965504,-6.1285734e-2,0.52343106,False
46,0.26681602,0.33278668,-0.4945575,False
45,0.86019146,-0.8296659,-0.6321554,False
44,0.6786097,-0.51490355,-0.70982885,False
43,-0.19698894,0.5492693,-0.28673422,True
42,-0.39700627,-0.87611794,0.5396975,True
41,0.48100019,0.9120985,-0.627753,False
40,0.20183623,0.48336124,0.7044332,True
39,0.9058137,-0.8454138,0.6011807,False
38,0.15484715,-0.13432062,-0.9304153,False
37,-0.45847774,-8.327472e-2,-0.7252449,False
36,0.31333637,-0.27944267,0.9180063,True
35,-0.7002343,0.62202394,-0.6641927,True
34,-0.10558951,-0.24065685,0.97733426,True
33,7.95933e-2,0.9594852,0.22322655,True
32,-0.91808856,-0.99880517,0.9761442,True
31,0.9085144,-0.5675255,-0.6413089,False
30,0.7012398,0.93382657,-1.4710665e-2,True
29,-0.58717144,0.18002784,-0.31581306,True
28,-0.9444864,0.1487987,-0.22493875,True
27,-0.43371177,0.8129928,0.6756114,True
26,0.88004994,-0.84126186,0.57639253,False
25,0.56157196,0.94877136,0.2815069,True
24,0.79511404,0.21919978,9.634328e-2,False
23,-0.91494596,-0.5916257,-0.9465221,False
22,-0.47287846,-0.6628784,0.7055863,True
21,-0.31491137,0.6029706,-0.6039293,True
20,0.9178122,-0.5977472,0.26710534,False
19,-0.26288474,0.32265103,0.9483744,True
18,-0.9446883,-0.29588354,0.7270272,True
17,0.4429624,0.8049624,0.8973541,True
16,-0.29331946,-0.49489355,0.26888824,True
15,0.54312,-0.3811239,0.36951327,False
14,-0.2854147,0.62868977,0.7031133,True
13,0.64385426,0.9757962,0.69534683,True
12,-0.13118899,0.8756485,0.56589425,True
11,-0.9234965,0.16140234,-2.2657514e-2,True
10,-0.9748466,-0.6484904,0.54989207,True
9,0.8439176,-7.1662545e-2,0.13185072,False
8,0.2841735,8.797574e-2,0.7363912,True
7,0.7180954,0.62386227,0.39926803,True
6,-0.5433465,0.33742452,-0.8293457,False
5,-0.8842915,-0.95232046,0.15154886,False
4,0.69106734,0.3177607,0.15205872,False
3,0.11723602,-0.88716185,0.10358858,False
2,0.15821111,-0.30671382,0.94631386,True
1,0.6901897,0.9242164,0.67968273,True
0,-5.748439e-2,5.7979345e-2,0.97385204,True
