999,-0.36923635,-0.6691543,-0.49321556,True
998,0.5982492,0.48839474,-0.720435,True
997,-0.37920105,-0.92029095,-0.36604917,False
996,-0.17616045,0.36373746,3.7306547e-3,True
995,0.121315956,-0.9859842,0.33900702,False
994,-0.28385937,-0.74028003,0.357643,False
993,0.98592544,-0.8450227,0.561602,False
992,-0.7361282,0.4626305,0.14980054,True
991,-0.6159078,0.15902781,0.92745733,False
990,-0.7331592,-0.65309477,0.5716907,False
989,-0.7735871,-0.5880407,0.12101567,False
988,0.6315317,0.1282165,-0.44234407,True
987,0.57035196,-0.26217794,-0.1016413,False
986,8.1368804e-2,-0.33076775,0.6584431,False
985,0.35489905,-0.98810637,0.64757955,False
984,-9.6532226e-2,-0.63712466,0.56126845,False
983,0.37819862,3.03123e-2,-0.19380724,False
982,-0.65133536,-0.61059594,-0.38180852,True
981,0.83018124,0.19427466,0.40691364,False
980,-0.55256987,-2.4828196e-2,-0.4900217,True
979,0.41894495,0.7285888,-0.38504755,True
978,3.172314e-2,-0.40184212,-0.7820935,True
977,-0.6357324,0.6001837,-0.78977954,True
976,-5.357635e-2,-0.46122015,0.99119234,False
975,-0.31972063,-0.87412775,-0.70700943,True
974,0.59285474,-0.46932733,0.55745375,False
973,0.11221075,-0.1400472,-6.8595886e-2,False
972,-0.30551183,0.93055034,0.82679594,True
971,-0.14267147,0.11926937,-0.9240961,True
970,-0.5464133,-0.31899178,0.22813082,False
969,-0.9886271,0.8650578,-7.04453e-2,True
968,-0.2577473,0.8167503,0.4916376,True
967,-0.8576956,-3.2146573e-2,-0.955521,True
966,-0.18918014,0.80155313,0.28206003,True
965,0.20542824,0.47811675,0.41122878,False
964,0.8056618,-0.56071067,0.17938459,False
963,0.41113484,0.17597926,0.5355681,False
962,0.40857315,-0.22529721,0.4823413,False
961,0.822333,-1.2678742e-2,-4.8072457e-2,False
960,0.40751386,0.71445,-0.32090318,True
959,0.17334366,0.5706086,0.5946131,False
958,0.45832777,0.15935838,0.22416079,False
957,0.94264126,0.83629143,-0.9785942,True
956,0.90848625,0.51356184,2.9976964e-2,False
955,0.6137514,0.73292863,-0.51958215,True
954,-0.54746664,-0.5583292,0.5630882,False
953,0.37227714,-0.10470021,0.6662197,False
952,-0.10049653,-0.6903691,0.34667635,False
951,-0.4996301,-0.14818788,-0.7001153,True
950,0.49352705,-0.15236616,-0.6435988,True
949,-0.8831731,0.66581464,-0.41553795,True
948,0.6305822,0.62051225,-0.7650521,True
947,0.8310703,0.14390421,0.12799323,False
946,0.25512278,0.8679675,0.7664082,False
945,-0.18554902,-0.3285097,-0.87154853,True
944,3.5905838e-2,0.12530828,-0.9945868,True
943,0.37256277,0.83412516,-0.5371388,True
942,-0.81538904,-0.45613515,-0.9638014,True
941,0.68885744,0.21973407,-0.48158944,True
940,-0.6168268,-2.0492911e-2,0.34574544,True
939,-9.237397e-2,2.8948188e-2,-0.10141277,True
938,-0.35681105,0.69676316,0.60815084,True
937,-0.68184066,-9.146631e-2,0.29141903,True
936,0.19193757,0.51950264,-0.45010495,True
935,5.605471e-2,-0.6438292,-0.41035676,False
934,0.44922686,-0.813612,-0.20165896,False
933,-0.3947792,-0.67960906,-0.76401114,True
932,0.68487644,0.23748982,-0.5404196,True
931,-0.9350692,-0.7273091,8.439708e-2,False
930,-0.9657736,-0.67614615,0.26941323,False
929,0.17974615,-0.20392275,-0.6567762,True
928,0.11394322,-0.6085404,0.26122916,False
927,0.5119598,-0.28900766,-0.9141308,True
926,0.48025167,0.49841654,0.18779385,False
925,-6.6238284e-2,-0.20540953,-1.0187268e-2,False
924,-0.76942706,-0.8866806,0.33369946,False
923,0.35704505,-0.23771536,-0.55587995,True
922,0.4623351,-0.12686586,0.39407492,False
921,0.2381475,-0.7663876,0.29071236,False
920,-2.0579934e-2,0.2084837,-0.12572467,True
919,0.96460474,-0.7946075,-7.368326e-4,False
918,0.2862749,-0.3413968,-0.31953526,False
917,-0.67698944,-0.49507797,0.4711069,False
916,0.8180909,-0.45894146,-0.47031283,False
915,0.36084592,0.8617494,0.21847546,True
914,-0.955145,-0.23104191,1.1641979e-2,True
913,-0.30389154,-0.40044498,0.959455,False
912,0.41345084,0.6481174,-0.8600968,True
911,0.69212687,-0.65480256,-0.87041414,False
910,-7.646561e-2,-2.8627038e-2,0.26353097,False
909,-0.8728887,0.43848646,0.13164985,True
908,-0.55947614,-7.5605154e-2,0.90010643,False
907,-0.71234846,-0.101869226,-8.94146e-2,True
906,0.603421,-0.73613465,0.1061672,False
905,3.5286903e-2,0.60049856,0.36582613,True
904,-0.27209496,-0.9477228,-0.7266042,True
903,0.36124182,0.6447507,0.5662812,False
902,0.38329077,0.7256712,0.94774973,False
901,-0.7299535,-0.7354243,0.61234903,False
900,0.95208776,0.9562527,8.1887364e-2,True
899,-0.45810437,-0.71472466,-0.13590169,False
898,0.22035563,0.23732448,0.5294498,False
897,-0.7994826,-8.169413e-3,3.4909844e-2,True
896,-0.6720829,3.4971356e-2,-9.459722e-2,True
895,-0.802482,0.3125595,0.42307472,True
894,0.18788576,0.58988214,-0.30005574,True
893,-0.4456625,8.2165e-3,0.134475,True
892,-0.62535286,0.59412956,0.14972878,True
891,-0.56030583,-0.33281934,-0.58661544,True
890,0.22874641,0.402115,0.71519434,False
889,-0.57289195,-8.532977e-2,0.4429344,False
888,0.56994045,-0.6070837,-0.5603746,False
887,0.12308109,0.5435107,0.6158085,False
886,-0.3816632,-2.5956273e-2,0.5689571,False
885,0.62301147,0.14057219,0.31220365,False
884,0.23548925,-0.8851806,-0.98277533,True
883,-6.1867952e-2,0.42242646,-0.2672317,True
882,-0.27454555,1.039052e-2,-0.66506493,True
881,-0.7576759,-0.27144456,7.372856e-3,True
880,0.70077574,-0.75482786,0.68739045,False
879,0.71305346,-0.43247604,0.4803307,False
878,0.4152428,-0.92486584,-0.6889843,False
877,-0.6219945,-0.40234923,0.54352844,False
876,0.68323386,0.4327557,-7.473934e-2,False
875,-0.5620284,-0.97847295,-0.41648042,False
874,0.78138494,-0.15073895,-0.84412026,True
873,0.12932348,0.81441355,0.66738987,False
872,0.57632065,0.57264197,0.497007,False
871,0.53985214,-0.9867028,-0.32459927,False
870,0.7604897,-0.96155095,0.6153395,False
869,-0.6319021,-0.34075427,0.5482322,False
868,0.80652976,0.2982645,0.5653554,False
867,7.912767e-2,2.7959824e-2,6.457317e-2,False
866,0.49499238,-0.8511119,-0.6720886,False
865,-0.24205709,0.56511617,0.51683843,True
864,-0.6611488,0.62241864,-2.2279024e-3,True
863,-0.49383998,-0.103487015,-0.50831354,True
862,0.3604207,0.6105633,-0.9525939,True
861,-0.5976529,0.59257805,-0.23263049,True
860,0.40602076,9.3385816e-2,-3.5046935e-2,False
859,0.50836885,4.2176366e-2,0.4575019,False
858,-0.77427614,-1.0620356e-2,-0.9049039,True
857,-0.53332424,-0.110898376,-0.21063125,True
856,0.21007204,0.3635584,-0.7135824,True
855,-0.8071368,-0.6333866,0.45926,False
854,0.49535644,-0.60967565,-0.39605987,False
853,-0.4451965,-0.39041483,0.4061265,False
852,0.6165074,-0.7764212,-0.49273777,False
851,0.55611956,0.9982331,-0.6365464,True
850,0.42311132,0.956812,0.4953462,True
849,-0.5636084,-0.18676424,0.87793994,False
848,8.376813e-2,0.76979446,-0.5932461,True
847,0.81710637,0.4237461,-0.6700641,True
846,0.4691279,-0.41426778,0.7059083,False
845,-0.9388274,-0.13510859,-0.80021214,True
844,-0.47051,-0.2866119,0.88725364,False
843,0.22349072,-9.600425e-2,-0.71576536,True
842,-0.18797183,0.54224753,-0.20632446,True
841,-8.5808516e-2,0.9230639,0.5376555,True
840,-0.32319653,0.15888476,-0.21070504,True
839,-0.51930547,0.3906641,-0.66167617,True
838,-0.4620248,0.9782853,-0.23565543,True
837,-0.63047326,-0.544667,0.6584722,False
836,0.80371356,0.34122646,-0.4772731,True
835,-0.21775985,0.41113496,0.94006443,False
834,-0.7845106,-0.20731509,-0.12578392,True
833,0.82066655,-0.97075486,-1.1227131e-2,False
832,0.23422885,0.5423751,-0.6314118,True
831,-0.28632164,-0.4120078,-0.3889171,True
830,-0.63317525,0.96590674,0.5989796,True
829,0.6923444,0.67331874,-3.8925767e-2,True
828,0.8280318,-0.9655638,-0.11756396,False
827,-0.98475504,0.50000215,0.3392403,True
826,-0.12684989,-0.93499756,0.34582388,False
825,-0.37353444,0.8214443,0.70724237,True
824,-0.65717053,0.30609298,-0.7169814,True
823,0.6295527,-0.64259124,-0.61819863,False
822,0.17669475,0.15038455,0.42164934,False
821,-0.43034828,0.43480337,0.22462308,True
820,0.25477803,-6.760502e-2,0.48391116,False
819,-0.13401628,-0.9394206,0.79527426,False
818,0.5535462,0.84547997,0.87469923,False
817,0.41962373,-0.62599933,0.17433727,False
816,0.8154336,0.27519643,6.777322e-2,False
815,-0.7190453,0.7424475,3.2025933e-2,True
814,0.47754335,0.4833442,0.9064412,False
813,2.1484137e-2,-0.8324772,-0.4428333,False
812,1.0023594e-2,0.6784452,-0.6749344,True
811,0.96092665,0.5309899,0.87920713,False
810,-0.8094758,-0.32487154,0.5328764,False
809,-0.30219793,0.16399813,-0.6795255,True
808,0.5220094,0.46899796,0.69215477,False
807,-0.4265145,0.93249774,-0.917366,True
806,0.18232751,-0.96666574,7.764268e-2,False
805,0.86699855,-0.2371664,-0.104509115,False
804,-0.8820039,-0.6209682,0.8450395,False
803,0.619233,0.48865867,-0.3972733,True
802,-0.3156252,-0.4043486,-0.81569815,True
801,0.67507887,0.38310826,0.7642869,False
800,-0.83514094,-0.60111654,0.52197254,False
799,0.7333435,-8.467674e-2,0.53863335,False
798,0.44577253,0.43330812,0.7963023,False
797,-6.270361e-2,-0.6988138,-0.8030305,True
796,0.70542574,0.67541635,6.8960786e-2,True
795,-0.9404119,-0.33703148,-6.793535e-2,True
794,0.8438786,0.40952396,0.7027608,False
793,-0.3968736,6.718254e-2,0.28075838,True
792,0.7151232,0.9778675,0.38962877,False
791,0.25970614,7.4383974e-2,-0.5620189,True
790,0.89852536,0.40320694,-6.321132e-2,False
789,0.9408822,-0.40750408,-0.87098193,False
788,0.8851247,0.52361166,-0.4472295,True
787,0.38366735,-0.8339257,-0.99235296,True
786,0.32259083,-0.7125555,0.2804935,False
785,0.99270165,-0.5513439,0.8914155,False
784,0.20867264,-0.36985075,0.7018386,False
783,-0.84313035,0.5475626,0.7701436,True
782,0.3946637,-0.5729325,-0.7695899,True
781,2.8980732e-2,0.7096368,0.99907815,False
780,-0.65682185,-0.39087534,0.5780482,False
779,6.891918e-2,-9.293544e-2,0.1260103,False
778,-0.8424758,0.940326,-0.40951788,True
777,9.647906e-2,-0.66314554,-0.52132,False
776,-0.9523479,-0.50034976,0.63339067,False
775,-0.37433589,-0.42640245,0.98725975,False
774,-0.7232722,0.36603415,-0.5541239,True
773,0.7360649,-0.9523635,0.9470098,False
772,-0.40247643,-1.0159969e-2,0.2870574,False
771,-0.7713932,-0.21401727,-0.42840016,True
770,-0.7699524,0.17155886,0.6829817,False
769,-0.12556112,0.9549612,-0.6930795,True
768,-0.59756196,0.10390079,3.4813404e-2,True
767,0.13692367,0.3695773,-0.8719382,True
766,0.6944715,-2.2611737e-2,-0.3912258,False
765,-0.19235289,-0.44246888,0.8871112,False
764,-0.37955964,0.95414245,-0.5901873,True
763,0.45378685,-0.7111666,0.7037133,False
762,0.2507949,-0.743049,-0.49453628,False
761,-0.16798425,0.36189592,-0.8908156,True
760,-0.46837735,-0.42287552,-0.8552294,True
759,-0.41277182,-0.5431464,0.22754502,False
758,0.58896196,-0.52060175,0.78356075,False
757,0.27811313,7.862663e-2,0.46174312,False
756,0.37285233,-0.3889091,-0.40714025,False
755,0.84045076,-0.9215338,-0.39173675,False
754,-0.55553174,-0.26102614,0.69656706,False
753,0.16562557,-0.99540305,-0.5447906,False
752,5.041957e-2,0.12896621,0.53649724,False
751,0.9783627,-0.7475203,0.1180321,False
750,0.25697052,-0.5315261,-0.7246492,True
749,-0.70192325,0.3432076,0.4757483,True
748,-0.84208477,0.10045254,0.5825629,True
747,-0.7130132,0.46146274,0.26549482,True
746,-0.9412985,-0.4363885,-0.24307609,True
745,0.5637094,0.30518818,0.32094324,False
744,0.5040231,-0.33769548,-0.9919065,True
743,-0.8976151,0.27049243,0.22346818,True
742,5.7171702e-2,-0.109407425,0.44141126,False
741,0.4462664,-0.2237556,0.5410137,False
740,0.99953735,0.2524414,-0.6439166,True
739,-0.3383938,0.6847429,-0.6905068,True
738,0.8901292,-9.0819e-2,0.91915107,False
737,1.2046456e-2,0.69280815,-0.15489149,True
736,-0.9175844,-0.22226858,-0.2930869,True
735,0.43521035,0.8218007,-0.55400014,True
734,0.13000798,-0.9923649,7.4834824e-3,False
733,-0.1639005,0.46593714,-0.8797703,True
732,0.2545848,-0.24013162,-0.40538037,True
731,-0.14083648,-0.11001778,-0.12588775,True
730,-0.29229534,0.79350173,-7.009554e-2,True
729,-0.2144438,-0.3248272,-0.2086159,True
728,0.8118578,7.818365e-2,0.58008265,False
727,0.98587847,0.91275275,0.70505464,False
726,0.12457049,-0.54224133,0.36298835,False
725,0.32347178,-0.98494613,-0.26311088,False
724,0.30189192,0.5276089,6.9568157e-3,True
723,0.35847664,0.7938224,0.46951115,False
722,0.5796062,0.28582978,0.29375172,False
721,-0.95622563,0.23381054,-6.303549e-2,True
720,0.5203273,0.26035345,-0.88489556,True
719,-0.27456784,-0.1850239,0.7719457,False
718,-0.92643833,0.20789945,0.9121585,False
717,-0.7875699,0.52926135,8.881199e-2,True
716,0.5860554,0.15309715,0.37823927,False
715,-0.6882024,-0.6728387,0.35924911,False
714,0.38647127,0.5257729,0.74889874,False
713,0.42645478,0.37820578,0.5358224,False
712,-0.99395776,-0.14040005,0.8155261,False
711,0.54921615,-0.76401424,0.8626008,False
710,0.32093644,0.9267113,0.37340283,True
709,0.32660806,0.6802572,7.189524e-2,True
708,0.67681634,0.5249622,-0.6122633,True
707,0.64544487,0.399956,0.40614843,False
706,0.1408751,0.81352234,0.22082233,True
705,0.6616504,-0.28183258,0.44980085,False
704,0.17656696,-0.22605014,-0.6601708,True
703,0.62045276,-0.7602453,0.102107406,False
702,0.3746425,-0.9135779,-0.38454616,False
701,-0.8614019,0.28675032,-0.42249465,True
700,-0.18000019,0.5306927,-0.56412196,True
699,-0.8080702,-0.6781249,0.21435094,False
698,0.95494175,-0.2310183,4.134488e-2,False
697,4.2785525e-2,-0.3402276,-4.8801184e-2,False
696,-0.33630645,0.78563476,-0.3091432,True
695,0.22092998,-0.97148395,6.3355565e-2,False
694,0.1223253,-0.29458344,-0.4330895,True
693,-0.30523884,-7.572353e-2,0.103827834,True
692,-0.96407163,-0.726097,-0.866006,True
691,-0.5282818,-0.7436454,-0.55120695,True
690,-0.20281982,0.10448849,0.9570136,False
689,0.25454485,-0.60651755,0.13713741,False
688,-0.6275747,0.9162365,-0.24563658,True
687,0.60998714,-0.4490558,-0.19617546,False
686,-0.18954086,-0.88123953,0.31492674,False
685,0.40498734,0.45520723,-7.802844e-2,True
684,0.38347173,0.8884088,0.45767736,True
683,-1.4510751e-2,0.73761,0.9705597,False
682,0.30321848,0.64283013,0.35122883,False
681,-0.35156536,-9.0586424e-2,-0.8619174,True
680,0.933795,-8.367789e-2,0.44727135,False
679,0.9527184,0.3965261,-0.16944814,False
678,-8.863199e-2,-0.2924168,0.47551727,False
677,0.110548496,0.62716126,0.6148076,False
676,0.19316304,-0.22274446,0.5367627,False
675,-0.17091441,9.6401215e-2,-0.47281945,True
674,0.8124807,-0.5192194,0.11805749,False
673,-0.6105931,-0.2651025,-0.95156157,True
672,-0.49280322,-0.40702033,0.93141973,False
671,-3.1378627e-2,-0.55292463,0.6970744,False
670,0.88848436,0.5022588,-0.35246372,True
669,0.5459554,8.669853e-2,0.14033866,False
668,-0.42290688,0.1502428,-0.27057564,True
667,-0.29349554,0.81443834,0.7753928,True
666,-4.021454e-2,-0.54666233,-2.6824951e-2,False
665,-8.973634e-2,0.18350244,-0.37527668,True
664,0.6762217,0.43275666,0.5093225,False
663,-0.20393443,0.33812952,-0.6807473,True
662,-0.35194612,0.36342847,0.14046323,True
661,-5.9720397e-2,-0.7230408,-0.53881097,False
660,0.60301447,-0.58401453,0.975014,False
659,-0.103099346,0.6550238,-0.96375275,True
658,0.7695031,0.6694826,-0.4406277,True
657,0.96267235,-0.5086174,0.44156313,False
656,0.13155198,-0.41108978,-0.7201706,True
655,0.991027,0.68229175,-0.24557602,True
654,0.34433043,0.54220057,-4.860902e-2,True
653,0.19710076,0.54688144,-0.7890415,True
652,-0.819353,-0.35309613,3.4099817e-3,True
651,0.33908463,-0.61520505,0.6643566,False
650,0.4342581,0.12656593,-0.5551394,True
649,-0.66502917,0.47932053,0.49790406,True
648,0.722857,0.7244133,-0.7986541,True
647,-0.7775279,-0.77186036,-9.005678e-2,False
646,0.12822044,-0.67486084,-0.59727263,False
645,-6.460905e-3,-0.6815853,0.9552387,False
644,0.8289933,0.4544443,-0.78801775,True
643,0.8376589,0.52562,0.2936579,False
642,-0.89051163,0.60507786,0.8279425,True
641,0.45076632,0.4751656,-0.647979,True
640,-0.20090342,-0.80297744,-0.719936,True
639,-0.11706209,-0.7798773,0.5707295,False
638,0.50287735,0.29512465,-0.49931872,True
637,0.4931115,-0.5370861,-0.5182226,False
636,0.74317,0.25490987,5.915129e-2,False
635,0.88277555,0.8169292,0.35138285,False
634,-0.3955586,0.6521903,-0.71104336,True
633,-0.94400966,-0.9321809,0.534199,False
632,7.9870224e-2,0.13511896,-0.27469385,True
631,0.49198723,-9.260285e-2,0.64322793,False
630,0.55179524,-0.28223085,-0.9831115,True
629,0.8150892,-0.16360497,8.1067085e-2,False
628,-0.7460265,0.40328038,0.78214216,True
627,1.9301176e-3,-0.90234435,9.941411e-2,False
626,8.783126e-2,0.38554752,0.16255271,True
625,-0.43350792,0.332785,-0.8593478,True
624,0.10217917,-0.40911186,-0.5398003,True
623,-0.15259707,-0.5784675,-0.46739113,True
622,3.1062484e-2,0.4635005,0.29960144,True
621,0.94309807,0.7308613,-0.8434496,True
620,-0.67292976,0.12080455,0.50080967,True
619,0.17293632,0.6823083,-0.14119947,True
618,-6.798911e-2,0.21516252,-0.7398715,True
617,0.5557165,-0.4922794,0.95962906,False
616,0.13019037,-0.62098145,-0.3236363,False
615,2.9029012e-2,0.52108467,-0.9444022,True
614,0.24958074,-0.74313056,0.27155173,False
613,0.85243785,0.39318502,0.936988,False
612,0.98262846,0.64849484,-0.102454185,False
611,0.8813139,0.15646958,-9.3173146e-2,False
610,0.81455564,0.124978185,-0.17255652,False
609,-0.38414812,-0.95822394,0.48803592,False
608,-0.9634495,-0.71259606,-0.7374834,True
607,0.26156378,0.36810505,-0.7251382,True
606,0.4859686,3.6985755e-2,-0.11177802,False
605,-0.24528205,0.41392565,-0.7053356,True
604,9.272504e-2,7.986975e-2,-0.7928518,True
603,0.70338345,-0.5699985,0.13263083,False
602,6.708503e-2,1.879692e-2,0.6193235,False
601,-0.3070035,-0.6642028,-0.34695518,False
600,0.2767229,4.0382028e-2,-0.59710944,True
599,0.40995502,0.15027273,-0.51055086,True
598,-0.5923828,-9.6282005e-2,0.9917228,False
597,-0.76144683,0.30227304,-0.8104197,True
596,-0.314332,0.47934413,0.48567593,True
595,-0.86426926,0.665215,0.81576324,True
594,0.7499901,0.5908598,0.10951781,False
593,0.91742957,0.8767618,-0.7202771,True
592,0.50687456,-0.6881162,0.73584604,False
591,-0.3394897,0.99533045,-0.7518587,True
590,0.80419016,-0.6527207,0.39272702,False
589,0.8640442,2.6785135e-2,0.42768896,False
588,-0.3401327,0.9208679,-0.50494957,True
587,5.846429e-2,0.2976756,0.86298966,False
586,1.6189814e-3,-0.6102531,-0.1741718,False
585,0.19378126,-0.76947427,0.872965,False
584,-0.8702872,-0.59799516,0.85977364,False
583,6.517875e-2,-3.5921812e-2,-0.72181964,True
582,0.8425174,-0.6093149,0.39627564,False
581,-0.19389558,-0.5188947,-0.32938218,True
580,0.7513852,0.33572483,0.3751073,False
579,-0.6508939,0.27960467,-0.413648,True
578,0.10910201,-0.9901508,-7.596862e-2,False
577,-0.28830957,-4.260242e-2,-0.45654178,True
576,-0.4959303,-0.26862144,0.92224884,False
575,0.6928514,-0.7466618,-0.19684458,False
574,0.2297324,0.77452743,-7.968414e-2,True
573,-0.3325498,0.32310283,-0.7047416,True
572,3.2165885e-2,-0.9415673,-0.1663698,False
571,-0.20518231,0.7095078,-0.9041252,True
570,-0.22553825,5.461693e-3,-0.94583595,True
569,0.7413435,-5.560267e-2,-0.8414048,True
568,0.9746945,0.34735143,-6.2281013e-2,False
567,-0.3259499,0.3490212,-0.5168959,True
566,-0.3141818,-0.17962217,-0.25184548,True
565,-6.908834e-2,-0.35129642,0.64842165,False
564,-0.1815958,0.65180326,0.50076795,True
563,-0.86515284,-0.43875968,-0.48544264,True
562,0.4972049,0.83220756,0.6584269,False
561,0.31087005,-0.744612,-0.82669604,False
560,0.45142555,-0.7407042,-0.87229097,False
559,-0.6863284,0.20145619,-0.7631391,True
558,0.8580816,0.32687378,0.6591625,False
557,0.3597734,0.2774439,0.5506942,False
556,-0.7975099,-0.30210316,-0.27651477,True
555,-0.72615385,-0.9335089,-0.19514072,False
554,0.88760054,-0.7449883,0.6505753,False
553,0.13928545,-9.241593e-2,5.946219e-2,False
552,-4.5562148e-2,-0.7691721,-0.7569488,True
551,-0.7431762,-0.33161712,0.20707119,True
550,0.4918388,-0.27553117,0.47609746,False
549,-0.7094939,0.9291222,0.20808792,True
548,0.7621021,0.6648196,-0.46821558,True
547,-0.12793577,-0.91292,0.1024636,False
546,-0.8381467,0.14606786,-0.96031046,True
545,-0.33337712,-0.6988236,0.8339579,False
544,-0.63235176,0.8245934,-0.65071416,True
543,-0.31428456,0.8761022,0.10446167,True
542,-4.029751e-2,-0.27937877,-0.2370255,True
541,0.795274,0.8729131,-0.25251186,True
540,-0.7112633,-0.42814004,0.7899184,False
539,0.36189497,0.77355087,0.15282142,True
538,0.25460958,8.095336e-2,-0.51792324,True
537,0.40522575,-0.63796616,0.117319465,False
536,7.567251e-2,0.6185365,0.14018047,True
535,0.4861728,-0.8881917,0.6397599,False
534,-0.4824233,0.81856513,-0.32653046,True
533,-0.6164422,0.82412493,0.102686524,True
532,-0.75057817,0.99290335,-0.14193845,True
531,0.72474134,-0.27897096,-0.6600592,False
530,-0.9246422,-0.8727368,-0.60533214,True
529,0.70889854,0.72791755,0.46732402,False
528,-0.3586812,0.8214406,1.9524217e-2,True
527,0.266793,-0.46523297,9.808123e-2,False
526,0.65633094,-0.8692019,0.45533967,False
525,0.458601,0.39625406,-0.9790653,True
524,-0.8798666,-0.17252707,-0.42877984,True
523,-0.68153274,0.87250257,0.119496346,True
522,0.3570248,0.44102776,6.093502e-2,True
521,0.51288235,0.90512013,7.6517105e-2,True
520,9.1703534e-2,0.14548266,-0.5409919,True
519,-0.60436344,0.64873743,0.7672479,True
518,-0.8859173,0.39104688,0.4164052,True
517,-0.5889945,-3.0931234e-3,0.5265349,False
516,-0.63871396,0.17848945,-0.37830198,True
515,6.5635443e-3,-0.330971,3.523004e-2,False
514,-0.9049597,0.6267251,-4.3858886e-2,True
513,-0.64684546,0.30847883,-0.19416487,True
512,-0.75119627,6.5740347e-3,-0.93001246,True
511,-0.64914966,0.16768265,-0.24600029,True
510,-0.1362375,-0.9700146,-0.3494538,False
509,-0.4626255,-5.4405928e-3,-5.578494e-2,True
508,0.47914338,-6.443536e-2,0.10448611,False
507,-7.814133e-2,-0.59218514,-0.42564642,False
506,-0.24983776,0.107355475,-0.24437153,True
505,-0.445652,0.6764777,0.47312438,True
504,-0.739426,0.95654595,-0.25302064,True
503,-0.17450607,0.8847792,0.4969113,True
502,-0.4491402,0.82219064,0.6182283,True
501,-8.788037e-2,0.46529126,-0.27968347,True
500,0.3146112,0.7244873,0.4687853,False
499,0.62412715,0.15911508,0.8201163,False
498,5.90173e-2,0.49302363,0.8740134,False
497,0.672506,-0.6733706,0.50095844,False
496,-0.84962463,0.84164655,0.49980295,True
495,-0.15143776,-0.788342,-0.80842614,True
494,0.28754818,-0.6045041,-0.9963745,True
493,-0.17757452,-0.9049556,8.342779e-2,False
492,-0.88352406,0.20896971,0.79676735,False
491,-0.96250474,-0.2935381,-0.3286687,True
490,0.21522248,0.98179984,0.74915123,False
489,-5.2895784e-2,0.8881948,-0.6939287,True
488,4.5812845e-2,6.870842e-2,-0.1648122,True
487,0.883899,0.91963613,-0.41914618,True
486,8.9645386e-5,-1.3736129e-2,-0.3935635,True
485,-0.65795636,0.5253104,-0.11324954,True
484,0.93271935,-0.4841404,-0.46209824,False
483,-0.4072262,0.8309798,0.5825771,True
482,0.1366247,-0.3936199,0.8944223,False
481,0.809865,0.86304414,0.63777065,False
480,0.11090529,-0.27719796,0.36342144,False
479,0.16439772,-0.6720717,-0.5308471,False
478,0.43946612,0.20523262,-0.9329878,True
477,-0.79025745,-0.8987464,-0.37854373,True
476,0.47473133,-4.5258045e-2,0.5155308,False
475,-0.1063025,-0.91729414,0.31805944,False
474,0.9235865,-0.99517226,0.1380254,False
473,0.5505024,0.10225618,-0.36790514,True
472,-0.3968203,0.348665,-0.19967031,True
471,-0.34590888,0.5739827,0.37527072,True
470,-0.59194815,-0.38309348,-0.63784146,True
469,-0.82313263,-7.1359873e-3,-0.8114803,True
468,0.16892207,0.60316145,0.56046605,False
467,0.33924723,-0.5037013,-1.2683153e-2,False
466,-0.9391289,-0.76042414,-0.5305171,True
465,0.6050987,0.7780374,-0.11394727,True
464,9.266317e-2,0.6841427,-0.8789958,True
463,0.43344474,-3.513336e-2,0.99303055,False
462,0.30471194,0.74099016,0.20762181,True
461,0.8446827,-0.4511696,-0.52148795,False
460,-0.1457789,0.12520826,0.9905108,False
459,0.1639998,6.606829e-2,-0.3059001,True
458,-0.7643995,-0.39138877,0.7925391,False
457,-0.11189389,0.78763986,0.66809916,True
456,0.4079976,-0.22560608,-9.3299985e-2,False
455,-0.858976,0.3751155,0.68787897,True
454,0.42467093,-4.754889e-2,0.49402,False
453,0.37816286,-0.9744011,-0.7051257,False
452,0.6128719,-0.62751245,-1.4228463e-2,False
451,0.1128068,0.90184915,0.22465897,True
450,0.8962804,0.16885126,0.6264541,False
449,-0.80149865,0.23745,0.5145786,True
448,0.13145065,-0.8915783,-0.8732779,True
447,0.580734,0.2586006,-0.14628994,False
446,-0.7443744,-0.27003968,-0.4614749,True
445,-0.21590197,-0.61902046,0.7769631,False
444,0.92789507,0.89488375,0.8116201,False
443,0.36557376,-0.92285645,-0.23514044,False
442,-0.21535015,-0.3881812,0.12675595,False
441,0.9754461,0.89439917,-0.46847236,True
440,-0.32382464,5.2799582e-2,-0.22115493,True
439,0.49590123,7.037091e-2,0.55895555,False
438,-0.13350022,-0.1574626,-0.77937937,True
437,0.8432013,-8.892417e-2,0.747615,False
436,-0.31312335,-0.49803174,0.52775013,False
435,0.7401458,0.7716454,-0.8712292,True
434,-9.858763e-2,-0.8215469,0.86516047,False
433,-0.8129244,-0.1489178,0.28282297,True
432,0.836457,0.7983663,-0.26550472,True
431,4.9078226e-2,0.16696596,-0.7609385,True
430,0.6766263,-0.41663706,-0.41441953,False
429,0.79300344,0.8259069,0.25201404,False
428,0.9988271,-0.16321433,0.10149515,False
427,0.9262068,0.18399882,-0.24336064,False
426,-0.26119888,-0.9905938,-0.6948508,True
425,-0.5765444,-0.25845182,0.79212666,False
424,0.21830809,0.72071886,0.9694152,False
423,0.22621417,-0.25507605,-0.9766731,True
422,-0.83473706,-0.37118423,-0.6670488,True
421,1.8793344e-3,-0.99709165,-0.9353324,True
420,-0.1909461,0.18000495,-0.36113417,True
419,-0.88924253,0.2923839,0.7662951,True
418,0.47174203,0.38919175,5.3055286e-2,False
417,-0.4751923,-0.7863989,0.22351074,False
416,0.83707964,0.4830215,-0.19818687,True
415,0.59031963,-0.13810968,0.32679605,False
414,-0.34434414,-0.9370135,-0.59132946,True
413,0.6828983,0.3332256,-0.9823868,True
412,5.1326156e-2,-0.9194863,-0.19498575,False
411,0.40042996,-0.24679947,0.10152054,False
410,-0.7739055,0.31787515,-0.48248446,True
409,0.80202246,-0.79726815,0.25924122,False
408,0.47764623,0.28141427,-0.7978835,True
407,0.9666816,0.58980024,0.9043218,False
406,0.5501547,0.979916,0.608809,False
405,-0.47373116,0.84048414,0.929152,True
404,0.29989505,-0.6157168,0.2859329,False
403,0.48481035,-0.88103807,-0.49972117,False
402,0.79673624,-0.8324361,-0.80522096,False
401,0.58365107,-0.6568042,0.16289318,False
400,0.43308687,-0.73828936,-0.57061696,False
399,-0.20989907,-0.5509192,0.8210108,False
398,0.42997766,0.85174584,-0.5632646,True
397,0.90884984,-0.13413405,-0.7430389,True
396,-0.67581654,-0.27361965,-0.27684903,True
395,-0.36867464,0.692006,-6.569302e-2,True
394,0.10929918,0.68321097,-0.27249146,True
393,0.47847497,7.1198106e-2,-0.9336077,True
392,0.13832605,-0.276981,0.43178523,False
391,-0.90853965,0.73554635,0.5433924,True
390,-0.25921226,-0.8969221,-0.7636373,True
389,0.57102334,-0.7174655,-0.71855307,False
388,-0.8411515,-0.10480034,-0.5188569,True
387,-0.22876179,0.10977018,0.24052227,True
386,0.11977732,0.61473227,0.9334563,False
385,-9.188771e-3,-0.7531922,-3.3621192e-2,False
384,-0.34230065,0.32420456,0.52076733,False
383,0.5197159,0.53066933,-0.4553653,True
382,0.3898896,-0.10928142,0.68898773,False
381,0.63887715,0.8171139,5.8023453e-2,True
380,-8.89622e-2,-0.9101081,0.5101577,False
379,0.67159355,-0.6014341,-0.826823,False
378,0.4339012,0.46480572,-0.81763506,True
377,0.15941119,-0.6065053,-0.8845402,True
376,-0.5893421,0.9364221,-0.93935263,True
375,0.23865247,-0.40512335,-0.71325064,True
374,-0.8914815,0.13365293,0.5945797,True
373,-0.5109484,0.8749219,-0.28475296,True
372,0.81879604,0.44182527,-0.9534942,True
371,-0.38832462,0.89533055,0.11526823,True
370,0.903859,0.5548682,0.2815839,False
369,3.6085725e-2,-5.794084e-2,0.59895587,False
368,-0.37407935,0.63913727,0.92531836,False
367,-0.9126173,-0.44264102,-0.6466764,True
366,0.9011903,0.2419796,-0.14247572,False
365,0.4288746,-0.6843132,-0.35374916,False
364,0.19698763,-0.54944456,0.5107322,False
363,0.28812134,0.4220215,0.62594056,False
362,0.25918913,-7.861507e-2,0.12909377,False
361,-0.12411511,0.46843398,3.7063003e-2,True
360,0.7455859,-0.29728198,0.79129255,False
359,-0.14742684,0.35412955,-0.2859211,True
358,-0.84176254,0.71409535,-2.5728703e-2,True
357,-0.73377657,0.6237776,0.38205194,True
356,-6.309497e-2,-0.1029619,-0.4263097,True
355,-0.9135053,0.32118165,-1.0315657e-2,True
354,-7.8157544e-2,0.7056254,0.8320818,False
353,0.6526238,0.7813848,-6.726444e-2,True
352,0.6003102,0.5082191,0.882849,False
351,0.2657082,-0.9240855,0.99522245,False
350,0.118551135,0.81007886,0.11157417,True
349,-0.39385426,0.8829818,-0.31094217,True
348,-0.44262445,-0.21392608,0.7980529,False
347,-0.89313626,-0.5002737,-0.5614339,True
346,0.47327113,0.59219265,-0.7420976,True
345,-0.21389699,0.2838081,-0.2957213,True
344,-0.9256443,0.38322914,0.6289872,True
343,0.7968706,-0.71372247,-0.4062004,False
342,-0.44917452,0.87388825,-0.23411238,True
341,0.72536826,-0.96745825,0.3958366,False
340,0.7859777,-0.3986925,0.56932116,False
339,0.7051748,0.46773458,-0.37446165,True
338,-0.9633237,0.61082995,-0.79736173,True
337,-0.70160675,-7.337189e-2,0.38273287,True
336,0.8608581,3.1976104e-2,-0.60500526,True
335,-0.47770488,-0.1355846,0.9623457,False
334,0.38722682,0.7081038,-0.9889225,True
333,0.42692864,0.88954234,0.7963846,False
332,-0.4579947,-0.42398858,-0.38817894,True
331,0.9698907,-0.40854657,0.88057196,False
330,0.81033576,0.6261437,-0.4830439,True
329,-0.92892563,-0.6030406,-0.6584319,True
328,0.40409708,7.641339e-2,-0.80868614,True
327,0.80742264,0.44931138,0.5881313,False
326,0.35915864,0.64379275,-0.37578428,True
325,0.14957106,-0.7759253,-0.79872406,True
324,-0.67216015,-5.0554276e-3,0.13542402,True
323,0.5622623,-0.56882024,-0.3330996,False
322,0.17590666,-0.23443317,-9.379113e-2,False
321,0.37902606,-0.9362787,-0.37647247,False
320,4.7499657e-2,0.8984232,0.23967552,True
319,-0.2484498,-0.73160565,-0.83402336,True
318,-0.19805884,-0.8800522,1.4070272e-2,False
317,0.8215821,-0.83344495,0.8651799,False
316,-0.68668044,0.6848967,5.498469e-2,True
315,0.55044293,-0.7516911,-0.9467273,False
314,0.4011469,0.23734844,-0.82278275,True
313,0.9993609,-0.65977454,-0.8195348,False
312,0.84377956,0.20857465,-0.86811817,True
311,0.13661015,0.38225734,0.35332263,False
310,-0.19377375,-0.6709193,0.7861129,False
309,0.6943579,2.138722e-2,0.9189725,False
308,0.6322459,0.95089674,-2.6667953e-2,True
307,-0.2930783,-0.3421222,0.40619063,False
306,-0.69749236,0.23462379,0.3465171,True
305,0.49139583,-0.5251312,-0.10129058,False
304,4.540038e-2,-0.8903793,-0.7819506,False
303,0.12611878,-0.113885045,-0.23291147,True
302,0.9394592,0.567013,-0.34939802,True
301,-0.15709162,-0.28359425,0.80182695,False
300,-0.56567204,0.40787637,0.6974845,True
299,0.8962915,-0.7359551,0.7561126,False
298,-0.8811357,0.4896804,0.7873961,True
297,-0.64845455,0.14156044,7.1356654e-2,True
296,0.38299036,0.19217217,-0.15433335,True
295,0.23528218,-0.72049356,-8.309722e-3,False
294,-0.490036,0.37172854,-0.22041917,True
293,0.17355275,0.5625553,-0.6383693,True
292,1.46631e-2,0.1939174,-5.723059e-2,True
291,0.26712394,-0.87683463,8.180797e-2,False
290,2.102375e-3,-0.7518811,-0.7724502,True
289,0.87829804,-5.4065466e-2,0.73119175,False
288,0.59154725,0.8729447,-0.4309852,True
287,0.23930359,0.36865044,-0.8634484,True
286,-0.34216368,-0.48385608,-0.55252254,True
285,-0.98139143,-0.39162624,0.4772861,False
284,0.67908645,5.3587675e-2,-0.110740185,False
283,-0.88602614,0.39266646,0.532789,True
282,-6.7986965e-2,0.914803,0.6435691,True
281,-0.9693707,0.79392564,0.86963737,True
280,-0.775471,0.9380032,-0.23184776,True
279,0.57919157,0.52034986,0.8942952,False
278,-0.9307984,0.64828026,-0.87133574,True
277,-0.23699665,0.21804166,0.780228,False
276,0.933084,0.32722163,-0.33919883,False
275,-0.3092786,-0.46664822,0.14027655,False
274,-0.9358144,-0.8466685,0.77484846,False
273,-0.12326431,-1.8718004e-2,0.49034178,False
272,0.9499661,0.23874736,-0.20760655,False
271,-0.5456555,-0.9183086,0.7662772,False
270,0.23290813,0.310704,-0.9446887,True
269,-0.20471263,-7.170236e-2,0.30618978,False
268,-0.3244841,0.9569577,-0.16448557,True
267,-1.4236927e-2,-0.40252304,-8.985043e-3,False
266,-0.5383034,0.23496199,0.18215132,True
265,0.3894558,0.4354645,-8.0289245e-2,True
264,0.5427952,-0.49474537,0.94173753,False
263,-4.3406606e-2,0.36751962,0.31462967,True
262,0.28781748,9.360063e-2,-0.8478131,True
261,-0.5317724,0.34696496,-2.3090005e-2,True
260,-7.884896e-2,-0.7244464,-0.45380127,False
259,-0.8138653,0.5658829,-0.19411838,True
258,7.669568e-3,0.5555754,-0.9130646,True
257,0.3316381,-0.5284015,3.0475736e-2,False
256,-0.35801136,-1.9756556e-3,0.4524994,False
255,0.72427654,0.84926224,-0.42941594,True
254,-0.66144466,-0.22316372,-3.3083797e-2,True
253,-0.6763681,-0.5367155,0.80659366,False
252,0.30428135,0.32344627,0.9716629,False
251,0.38249862,-0.266953,-0.5003134,True
250,0.19364786,-0.93666255,0.31881714,False
249,0.8670776,0.90534616,-0.12743545,True
248,0.94305277,0.48146558,5.1745176e-2,False
247,0.856264,0.71494186,-0.57271814,True
246,0.46453547,-0.49968708,-0.17770362,False
245,-0.70666516,-0.83423567,0.29257834,False
244,0.45181644,0.9381814,0.6765046,False
243,0.6733165,-0.20100093,-0.12714112,False
242,1.8360257e-2,-0.28293836,0.46193933,False
241,8.931458e-2,0.65458405,0.7789303,False
240,0.77819276,-0.36306524,-0.9653574,True
239,-0.9544171,-0.26469004,0.13457131,True
238,0.5949267,-0.9247669,0.5998095,False
237,0.7871132,-0.4553405,0.92498815,False
236,9.028685e-2,0.7817719,0.5746442,True
235,0.5746312,0.20009339,-0.52563894,True
234,0.35938203,0.75254047,-0.41475666,True
233,0.80532587,-0.41829586,0.4353919,False
232,6.3491106e-2,0.13453329,0.30334353,False
231,0.38666928,-0.7536676,-0.55758166,False
230,0.86815083,-4.0455937e-2,-0.9252094,True
229,0.9830941,0.6110418,-4.6207786e-2,False
228,0.8096187,-0.77421343,0.39984775,False
227,-4.4475913e-2,-0.18431735,3.137517e-2,False
226,-0.5865706,0.94496095,0.110102534,True
225,0.32196057,-0.16111898,-0.5825416,True
224,-6.6613436e-2,0.1646328,-0.3406129,True
223,0.86984813,0.95162165,0.93750525,False
222,0.5206162,-0.5879811,-5.0800323e-2,False
221,0.42780542,-3.6373258e-2,2.3294091e-2,False
220,0.4313817,0.81890094,0.7581141,False
219,0.49635494,-0.7843884,0.25198066,False
218,0.55703306,-0.4424981,-4.320979e-2,False
217,0.3824314,-0.3856957,-4.600513e-2,False
216,-0.108514905,0.2021054,-0.2629981,True
215,0.16468573,0.33829904,0.59629416,False
214,-0.257748,-0.9386054,-0.2520548,False
213,-0.8781867,-0.6500704,-0.39509892,True
212,9.7755075e-2,-0.888368,0.768142,False
211,-0.5267981,-0.3833711,0.5942987,False
210,9.1735005e-2,0.879616,-6.6752315e-2,True
209,0.84864426,0.77501976,0.26300967,False
208,-0.35439444,-0.8396685,0.9224404,False
207,0.6479993,-0.81812847,-0.6510116,False
206,0.42873096,0.8885486,6.0208082e-2,True
205,-0.5613673,-0.6604247,0.8676803,False
204,0.45528996,0.36358392,0.57294095,False
203,-0.8485044,0.9548185,-0.3986709,True
202,0.6710075,0.6553043,-0.2947414,True
201,0.5135112,0.8068868,0.7807331,False
200,-0.5670061,0.21422875,0.6295941,False
199,-0.12963653,-0.14087808,0.9942558,False
198,-0.53541744,0.6365986,-0.64079165,True
197,6.8638325e-2,-7.9021096e-2,-7.968485e-2,False
196,-0.8634236,-0.65836287,-0.99172413,True
195,-0.39137125,-0.6805229,0.64664125,False
194,0.6005312,-0.39160764,-0.78917444,True
193,0.18466961,0.14996445,0.18800187,False
192,-0.6277994,0.17618442,-0.35376298,True
191,-0.45614755,-0.2608813,0.48716807,False
190,0.8315816,-0.883325,-0.80890155,False
189,0.9330095,-0.17993617,0.36735547,False
188,-0.28491306,-0.47089028,-0.85880315,True
187,0.64620495,2.3746967e-2,-0.8948922,True
186,0.392457,-0.25550544,-0.7692497,True
185,-0.1748023,0.46426535,0.42485034,True
184,-0.4462062,-0.42406106,-0.13383842,True
183,0.11352253,0.33255076,0.57378614,False
182,-0.8184985,0.7865735,0.4048121,True
181,0.45789146,0.8946005,0.96437347,False
180,0.492208,0.63801765,-0.92469823,True
179,0.105893016,0.2160362,-0.94900894,True
178,0.15034449,-0.8917458,0.1855644,False
177,-0.28511643,-0.42997098,0.882318,False
176,-0.87893844,0.6664984,-0.39662147,True
175,0.40503168,0.12594628,-9.596515e-2,False
174,-0.6534797,-0.12529874,-0.7397176,True
173,3.0907154e-2,0.7494371,0.34440362,True
172,-0.49677134,-0.20854819,3.394723e-2,True
171,6.751931e-2,0.22096741,0.87944853,False
170,0.21702182,0.4959942,-8.743763e-3,True
169,-0.44608057,0.6709597,8.299136e-2,True
168,0.10765636,-0.9812354,-0.38924837,False
167,-0.47898638,-0.17857921,0.46943915,False
166,-0.39350176,-0.9945903,0.32097661,False
165,0.42937994,-0.5903443,0.9694917,False
164,-0.69314814,0.36745346,-0.41067088,True
163,-0.7952615,0.24421406,-0.34509873,True
162,-2.8199196e-2,-0.9000913,-0.87672913,True
161,-0.6623099,0.498814,-0.40003157,True
160,-0.742977,-0.5929676,0.8226901,False
159,-0.20455849,3.0317426e-2,0.9077538,False
158,0.5349555,5.698085e-3,-0.6600596,True
157,-0.72182715,-0.27066302,-0.35205817,True
156,0.34141147,-0.9676281,-0.3124931,False
155,4.9408555e-2,9.6281886e-2,-0.2832929,True
154,0.70735574,-6.454265e-2,1.4571905e-2,False
153,-0.57739496,0.18399024,-0.6159277,True
152,-0.6075244,-0.9979274,-0.6323166,True
151,0.7248819,-0.9265332,-0.5637746,False
150,-3.526652e-2,0.26464462,-0.19835901,True
149,-0.9025636,-0.40147996,-0.90339553,True
148,-0.1649952,0.9744835,0.21423173,True
147,-9.442699e-2,0.79830754,0.41211772,True
146,0.6609845,-0.5467844,0.31954718,False
145,0.4502685,-0.9831097,-0.8531308,False
144,-8.825326e-2,-0.8751428,-0.59816694,False
143,0.7445284,-0.44166934,0.9549496,False
142,-0.24238634,0.17608452,-4.9342155e-2,True
141,0.46357226,0.8170985,-7.563639e-2,True
140,-0.22378004,0.28532588,0.61407506,False
139,3.6172867e-2,-0.80736053,-0.8463241,True
138,-0.17375481,-0.4298141,-0.46876705,True
137,-0.24228442,-0.2822528,-0.38634992,True
136,4.360676e-3,-0.47663188,-0.48473477,True
135,-0.13264585,0.67300355,0.5918058,True
134,-0.9956691,-1.688075e-2,-1.7845511e-2,True
133,-0.2778536,-0.74272907,-0.512452,True
132,-0.669559,0.67018306,0.996374,True
131,-0.21672463,8.190036e-2,0.57129955,False
130,0.21700275,-3.0367851e-2,0.9165472,False
129,-0.25628042,0.33519137,0.36504102,True
128,0.44853926,5.681038e-3,-0.5827118,True
127,-0.4931959,-0.34542012,-0.14734256,True
126,0.4025334,0.5015025,0.1772747,False
125,-0.79707587,0.6971363,-6.006217e-2,True
124,0.42036772,0.24126303,0.8190751,False
123,0.87045896,0.7118007,0.5188074,False
122,0.3503747,-0.68184185,-0.4438877,False
121,0.7385603,0.39940202,-0.61057794,True
120,-0.553596,0.51561236,-0.152403,True
119,-7.512474e-2,-0.7063458,-0.46339595,False
118,-0.5754335,0.46606123,0.48037827,True
117,0.9319378,0.89228046,-0.5237061,True
116,0.55880284,-0.96012807,-0.9348023,False
115,0.8406242,-0.3300022,-0.6958581,False
114,-0.77598906,-0.5779009,-0.10898781,True
113,-0.8047247,-0.7708808,-0.55700517,True
112,-0.4959253,0.6312808,0.8524734,True
111,-0.7161561,-0.85705554,-0.76611817,True
110,-0.5448086,-0.7257267,-0.14159536,False
109,-5.5254936e-2,-0.62619066,0.81525874,False
108,-0.4395113,-0.786031,0.9042851,False
107,-0.20306718,0.9587132,-0.16285098,True
106,-0.5803366,0.34066033,-4.434371e-2,True
105,0.19150054,0.81393385,-0.2464521,True
104,0.23945618,0.9988265,0.9565096,False
103,-0.18393612,0.5560093,0.87011206,False
102,-0.5986856,0.83670986,0.17294753,True
101,-0.8549795,-0.7060473,-0.28697252,True
100,-0.7495209,0.7815908,0.30559456,True
99,-0.17911637,-2.4653316e-2,0.64540446,False
98,-0.85715675,-0.8763683,-0.59235513,True
97,0.40302444,-0.48191988,0.9991329,False
96,-0.4687487,-0.8034334,0.5222281,False
95,-0.7554188,0.37434912,-0.9220681,True
94,0.14561868,0.5342207,0.8404596,False
93,-6.436968e-2,-0.73174834,-0.4279008,False
92,-0.7298975,-0.614313,0.85266435,False
91,0.9645026,0.98364425,-0.54179764,True
90,0.8661566,0.40039814,-0.6029875,True
89,0.15743852,0.73252165,-0.3674718,True
88,-0.44631004,0.8182962,-0.8219178,True
87,-0.9727675,7.545948e-5,0.30597138,True
86,-0.1989485,0.30419087,-0.32627857,True
85,0.31673765,0.3466972,0.4514953,False
84,0.78302133,-0.847352,0.22283041,False
83,-4.6930313e-2,0.37981176,0.45757425,False
82,-0.32964957,0.43121696,-0.33779788,True
81,6.00338e-3,0.43387687,-0.5823492,True
80,0.6028961,0.17112851,0.3353517,False
79,-1.0699272e-2,-0.73836505,0.20219696,False
78,0.92513907,0.60558164,9.922981e-4,False
77,-0.7275789,0.5894314,-0.36891186,True
76,-0.5226275,0.27875495,0.98534715,False
75,-0.8996775,0.43114996,0.5258416,True
74,-0.2521696,-0.25777066,-0.5392866,True
73,-0.6912385,-0.72426593,-0.52357733,True
72,-0.8805866,0.3068987,-0.122647524,True
71,-0.70730567,3.813505e-2,0.3921131,True
70,-6.489897e-2,0.5655124,0.29109788,True
69,-0.8084172,-0.9259256,-0.43572307,True
68,0.9197496,0.42314065,-0.72068584,True
67,0.70333374,-0.36888433,0.6034893,False
66,-0.32977605,-0.67536867,-0.18076003,False
65,0.7580732,-0.8589324,0.8018801,False
64,-0.6221249,-0.38359666,-2.905178e-2,True
63,-0.8246081,-0.8210342,-0.62695694,True
62,-0.9348599,-0.1415093,-0.30239105,True
61,0.5222398,-0.89469457,0.24666107,False
60,-0.9662672,0.5360079,0.18418157,True
59,-0.42708814,-0.31388116,0.47819138,False
58,-0.15623999,0.7996416,0.77207625,True
57,0.19334614,0.33625507,-0.12501037,True
56,0.9649669,0.5340698,0.7243787,False
55,-0.5597453,0.7412435,-0.38223422,True
54,0.64942384,0.94910467,-0.5577593,True
53,0.6732993,-0.83666706,-0.95315754,False
52,-0.9601104,0.6326729,8.527017e-2,True
51,-0.49343443,-0.2848215,-0.9444841,True
50,-0.4807669,0.8798362,0.22980154,True
49,0.90061426,0.79379964,0.90257907,False
48,0.87987745,-0.4106859,0.45158064,False
47,-0.8648474,-0.25955772,-0.53893924,True
46,-0.30965173,0.101028204,0.7861217,False
45,-0.10921645,0.39607632,-0.72995555,True
44,-0.9146528,-0.8244562,-0.11216915,True
43,-0.39471042,0.33527195,9.227526e-2,True
42,-0.4359516,-0.13497269,-0.82605696,True
41,-0.3150822,0.3830657,-0.25984228,True
40,0.49256957,0.18181467,-8.913636e-3,False
39,0.37053955,0.63868856,0.5265417,False
38,3.1409264e-3,-0.2995708,0.8317046,False
37,0.21573508,-0.68855107,-4.5559406e-2,False
36,0.87784624,0.6993017,3.3439636e-2,False
35,0.49656522,0.2641312,-0.88123095,True
34,-0.96656823,0.93559027,-3.7431717e-3,True
33,0.9423809,-0.305789,1.9465685e-3,False
32,0.82868075,-0.11099517,0.98425543,False
31,0.8343047,0.15741348,-0.30291522,False
30,0.823666,-0.5301975,-0.25354147,False
29,0.46356213,0.92553437,-0.6269342,True
28,-0.53358734,0.26520038,0.3363595,True
27,1.3892651e-3,-0.5114026,-0.2271285,False
26,-0.61974907,0.2578262,-0.658303,True
25,-0.19203866,-0.6926416,-3.279817e-2,False
24,-0.10305464,-0.5217328,-0.98900056,True
23,-0.7070768,0.4111048,0.88956463,False
22,0.3735875,0.33468962,-5.5546522e-2,True
21,0.6200377,-0.5639771,7.862687e-3,False
20,0.1726507,-0.4411137,-0.20639324,False
19,-0.6692449,-0.85476434,0.8886869,False
18,-0.57255864,-0.83562684,-0.94187176,True
17,0.820343,-0.69031906,0.893458,False
16,-0.29278696,0.24284136,-0.6647029,True
15,0.8176347,-0.49309087,-0.8904247,False
14,-8.990228e-2,0.5546615,-0.7153251,True
13,-0.14901078,-0.2063787,0.61819756,False
12,0.10975671,0.7973249,-0.367329,True
11,-4.5493245e-2,-0.49108994,-0.4394884,True
10,-4.3055296e-2,-0.5776539,-9.735441e-2,False
9,-0.7438092,0.71467674,0.58325124,True
8,0.29456556,0.6869955,0.8240473,False
7,0.19046652,-2.987361e-2,-0.20825696,True
6,0.7369853,0.2816187,0.8175868,False
5,-0.1605711,0.46052146,0.5510628,False
4,-0.19141972,0.999213,-9.729838e-2,True
3,-0.4624294,0.2854166,-0.8281486,True
2,-0.44963694,0.78682876,-0.18916523,True
1,0.7290957,0.7366842,0.34098983,False
0,0.5586586,-0.59206617,-0.7691879,False
