999,0.79748034,0.8513464,-0.17169952,True
998,0.50093687,0.6061733,9.5638156e-2,True
997,-0.7120236,0.49887502,0.9424068,False
996,0.7077855,0.90879786,-0.21831584,True
995,3.6165714e-2,-0.69450474,-0.84902906,False
994,0.9691858,-0.13865626,0.15763342,True
993,-0.14917457,-7.967079e-2,0.2578987,False
992,-0.32324016,0.34294212,-0.22392154,True
991,0.23479533,0.33693445,0.69677603,True
990,-0.60789263,-0.40698278,-5.6825995e-2,False
989,-0.6593468,0.68959796,0.97958267,True
988,-0.7371819,-0.31348372,0.15130806,False
987,0.16795778,-0.118842006,0.63975656,True
986,-0.89614594,0.1020571,-0.11756396,False
985,-0.9947722,0.20669675,-0.4099946,False
984,0.4898677,-0.3218279,-6.2937856e-2,True
983,0.92400897,-0.22408211,0.3352934,True
982,-0.80908465,-0.58707774,-0.16381884,False
981,0.88681805,-0.29388905,-0.9624826,True
980,0.18331718,-0.8006569,0.19245172,False
979,-0.73886716,-0.8383659,0.22964132,False
978,-0.81234,0.37988222,-5.1085114e-2,False
977,-0.55109894,-0.91044736,-0.44441724,False
976,0.9431436,-0.21532667,-0.50184286,True
975,-0.730765,0.14853871,0.86392653,False
974,0.7313374,-0.7864946,-0.19661164,False
973,-1.5482903e-3,0.93702424,-0.66451156,True
972,0.42207336,-0.8181478,0.7917074,False
971,-0.4963814,-0.76957476,0.8476473,False
970,0.44219232,0.65100646,0.7441392,True
969,2.7401567e-2,9.5282435e-2,-0.8470967,True
968,0.8190867,-0.96804774,-0.67452693,False
967,0.5027708,0.7984561,-0.49769497,True
966,0.87130797,-0.75159097,0.12053561,True
965,-0.9741049,0.6703354,0.11344957,False
964,-0.31966984,-0.4837122,7.663989e-2,False
963,0.5908642,-0.13885164,0.27966142,True
962,-0.90323424,2.027464e-2,-5.8411837e-2,False
961,-0.15002906,0.3272462,0.13488865,True
960,-0.7295259,0.8694191,-2.4892092e-2,True
959,0.22474241,0.9313965,2.1015406e-2,True
958,-0.38787675,0.58035135,0.6388898,True
957,-0.33364296,-0.8652941,0.36547518,False
956,-0.14521301,-0.32777607,-0.58842134,False
955,0.7433089,-0.6910745,-0.42751098,False
954,-0.8591355,0.54303026,0.6264442,False
953,-0.8121768,-0.5728824,0.76046276,False
952,0.89246774,-0.1867367,0.6457386,True
951,0.94859564,0.8097105,-0.5004401,True
950,-0.6614827,0.8736793,0.29848933,True
949,-0.9867637,1.8891335e-2,0.5759988,False
948,-0.9360961,-0.33003998,0.6260848,False
947,-0.49402964,-0.329242,-4.654205e-2,False
946,-0.40135765,0.9618428,9.172654e-2,True
945,0.62708485,-0.37187207,-0.6019068,True
944,-0.46409202,-0.1642617,0.66558635,False
943,0.9306742,-0.48035252,-0.82811654,True
942,-0.12309623,0.43276918,-0.31080282,True
941,0.82939506,-0.17884302,-0.70910215,True
940,0.6686441,0.7936481,-0.21174657,True
939,0.3151363,-0.857121,0.47290254,False
938,-0.7160919,-0.24703145,0.69031835,False
937,-0.58704245,-7.935536e-2,8.495331e-3,False
936,-0.19923544,-0.5942329,0.3072226,False
935,-5.6688666e-2,-0.94148254,0.33920085,False
934,5.187416e-2,0.653123,-0.55893826,True
933,0.8244622,-0.6901449,0.6932949,True
932,-0.48040164,-0.23759949,-0.38428295,False
931,-0.6657126,0.18527019,-0.8121091,False
930,-7.44282e-2,-0.9734199,0.8827044,False
929,0.116476655,-0.40693307,0.97495365,False
928,9.7084284e-2,-0.65538454,-0.49777973,False
927,-0.11574745,8.020091e-2,-0.5720525,False
926,0.16802442,-0.23786414,0.22978258,False
925,5.3231716e-3,-0.3840189,-0.36028886,False
924,0.60058475,-0.16681421,0.72757864,True
923,-0.19199276,-0.9523891,-8.774042e-2,False
922,0.8734114,0.5663372,0.85845673,True
921,0.42459583,0.75186837,0.6592306,True
920,-0.20257139,-0.14381969,0.46098244,False
919,-0.24141073,-0.9457232,-0.32485855,False
918,-0.49820232,4.351616e-2,-4.511845e-2,False
917,-0.32498026,0.18831742,-0.56612647,False
916,0.8263612,-5.1023006e-2,0.5308809,True
915,-0.87538743,-0.71232283,0.38808155,False
914,-3.7142515e-2,0.9167886,-0.6346662,True
913,0.56158805,0.7771199,-0.76979816,True
912,0.2576449,-0.63841355,-0.3500737,False
911,0.549757,-3.7765145e-2,-0.7154763,True
910,-0.8288486,-0.7915715,-0.77910364,False
909,9.6935034e-2,0.7189021,3.580439e-2,True
908,-0.75544524,0.7840494,0.11020613,True
907,0.4913535,0.18978286,0.8466557,True
906,-0.4781407,0.9847778,0.9177506,True
905,-0.7552773,0.24768186,-0.15800619,False
904,1.3880849e-2,0.18687856,0.9520867,True
903,-0.71095717,0.57008874,-0.478562,False
902,0.75369895,-0.9094076,-0.8354777,False
901,-2.6169777e-2,-0.74764407,-0.6262287,False
900,-0.61202765,0.5372213,-0.8936173,False
899,0.14664626,-0.7596655,-0.20074046,False
898,0.7733761,-0.3879497,-0.98126197,True
897,-0.94428813,-0.4923941,-3.4940124e-2,False
896,0.24371517,0.64022696,-0.11925936,True
895,-0.79481757,-0.82746625,0.589412,False
894,-0.8814664,-0.19094646,0.7074219,False
893,-0.88352716,0.68631446,0.98431814,False
892,-0.18513763,0.42641187,-0.8228371,True
891,0.9095901,0.24509978,0.13373804,True
890,0.33948374,0.15185237,0.4762752,True
889,-0.18616748,-0.6211356,0.15050852,False
888,0.689641,1.3999939e-2,-0.67375016,True
887,0.79092133,-0.8158002,0.6254097,False
886,-9.855032e-4,-0.25823903,-0.65562916,False
885,0.7376591,0.52259135,-0.26871407,True
884,-0.8660506,0.80489457,0.6769285,True
883,0.7948469,-0.4266758,0.72862196,True
882,-0.47141314,-0.9810412,-0.70020163,False
881,0.7960454,0.1951977,-0.7983836,True
880,0.7249268,-0.20835412,-0.3444867,True
879,-0.8008944,-0.6689795,-0.10545373,False
878,-0.2569307,0.18159974,-0.53243077,False
877,-0.23692441,-0.41455865,0.41645002,False
876,0.6192781,-0.69650805,5.7141185e-2,False
875,0.95612955,-0.4296428,-0.63484216,True
874,-0.3178687,0.664781,-0.95298266,True
873,-0.9543035,0.95692587,0.19914222,True
872,0.65859437,0.87500155,-0.17773604,True
871,-0.118373394,5.95963e-3,0.6061076,False
870,0.8175669,0.6279923,0.27200222,True
869,0.6807897,-6.772995e-2,0.29396892,True
868,0.99358916,0.33828568,-0.96536005,True
867,0.8455399,0.7050741,0.48753572,True
866,0.51926816,0.41086185,-0.5156543,True
865,-9.5407724e-2,-0.13270879,4.602313e-2,False
864,-0.52642226,-0.34606063,-0.12807655,False
863,-0.93774724,0.5675994,0.7084739,False
862,0.7849089,0.20549381,-0.75494695,True
861,-0.5469929,0.608199,-0.5036652,True
860,-0.11757064,-0.7106943,0.71185875,False
859,-0.20583117,-0.38479483,-0.8590672,False
858,-0.23800504,0.3678974,0.19390929,True
857,0.5783191,2.101779e-3,0.35425544,True
856,0.371374,0.4577924,0.8104495,True
855,0.9415238,0.44331527,-0.11794579,True
854,-0.6434895,-0.38269353,0.81810987,False
853,-0.647025,-2.1670341e-2,0.84199786,False
852,-0.5891696,-0.282804,0.55033886,False
851,-0.5652765,0.17600548,-4.8615336e-2,False
850,-0.614653,-0.19661498,-0.8484328,False
849,0.60121834,-0.7002851,-0.2993467,False
848,0.47448266,0.17017365,-6.54757e-3,True
847,-0.3545097,7.148278e-2,-0.11546016,False
846,-0.7782099,0.45422423,0.6675805,False
845,-0.19662678,0.71052206,0.41989124,True
844,-0.33729672,0.8782865,6.137836e-2,True
843,-0.7563957,-0.8746604,-0.77550423,False
842,-0.20408726,0.55748487,-0.27311444,True
841,0.9841567,-4.3104887e-2,-0.60162294,True
840,5.546701e-2,-0.3299005,-0.62512136,False
839,-0.7290014,-0.23250902,0.7080022,False
838,0.7382064,0.83371854,0.51274776,True
837,-0.17069364,-9.874964e-2,-0.47467422,False
836,-0.57991207,-0.12765908,0.45864117,False
835,-0.5766579,-0.33213043,-0.3431703,False
834,0.16537786,-0.3142451,0.45510113,False
833,0.8521699,2.3298264e-3,0.3009032,True
832,-0.21523464,0.83568704,-0.53926337,True
831,-0.7626122,0.5905056,-0.7707546,False
830,0.1704427,0.65379107,-0.94192874,True
829,0.49785614,0.19312167,0.85545003,True
828,-0.57600296,6.104708e-4,-0.4723853,False
827,0.20037091,4.2954445e-2,-8.704662e-3,True
826,0.8207606,0.8144008,0.44313002,True
825,-0.72010684,-0.46951604,0.7910824,False
824,0.13677573,-0.85537124,0.60733855,False
823,-0.14781213,-0.2008748,-0.5223532,False
822,-0.26701963,0.9740275,0.7547195,True
821,-0.57346904,0.6670104,0.6261823,True
820,0.53264785,-6.1433792e-2,0.19738281,True
819,0.6443232,-0.38678658,-0.72806406,True
818,0.49224257,0.6004894,0.3685857,True
817,0.59793377,0.9637079,0.48243093,True
816,0.466591,-0.18689346,-0.26923668,True
815,-0.3821845,4.6034098e-2,0.47646308,False
814,0.60842717,0.7602395,0.5868305,True
813,-0.5387838,-0.74442697,-0.5575881,False
812,0.39838564,0.96993494,0.2847687,True
811,-0.8201654,-0.786438,0.31697154,False
810,0.6458403,7.080138e-2,-0.7864356,True
809,-0.13724256,-0.5614121,0.32211447,False
808,0.4301455,-0.37970138,-0.59955823,False
807,0.8629197,-9.2763305e-2,0.679811,True
806,-3.1585455e-2,-8.751011e-2,0.15444505,False
805,0.66847944,0.16997564,0.49842215,True
804,-2.9999256e-2,-0.915539,-0.73829293,False
803,-0.7206795,-0.60563624,-0.42273295,False
802,0.65167654,-0.6550888,0.67208076,False
801,-0.7984545,0.5995264,0.89710915,False
800,-0.4959811,0.52965105,-0.54833615,True
799,-0.20454717,0.63494885,0.16486394,True
798,0.22806883,0.84845996,0.96042764,True
797,-0.7291502,0.16694188,0.5544472,False
796,-6.507969e-2,-3.663981e-2,0.16668975,False
795,-0.4012438,-0.78394616,8.896804e-2,False
794,9.297657e-2,-0.79637074,0.8362558,False
793,0.11967695,0.1477431,0.9361758,True
792,0.31226647,-0.5797961,-0.96771324,False
791,-0.8498763,0.83258426,0.3168255,True
790,-0.15043879,-0.24251437,-0.8561168,False
789,0.89147484,0.54561853,0.31565893,True
788,5.6162715e-2,-9.361744e-3,8.384609e-2,True
787,-0.22212899,0.64980876,-0.49645364,True
786,0.9969032,0.20691001,0.29259336,True
785,-0.37885284,-0.9624369,0.70168924,False
784,0.5513879,0.42031407,0.91050804,True
783,0.744923,0.9491881,0.18411052,True
782,0.4097271,0.61232626,-0.124231815,True
781,0.93075025,0.55410326,0.83899283,True
780,6.965315e-2,-0.6056342,7.8356266e-4,False
779,7.2479725e-2,0.94962835,-0.5901958,True
778,0.34163415,0.7731569,0.23375034,True
777,0.26193917,-0.8497189,-0.95897686,False
776,0.99543536,3.190732e-2,-0.6512095,True
775,0.2662934,0.6302359,0.9139205,True
774,0.48514032,3.509593e-2,-7.2779894e-2,True
773,0.9527569,-0.7807938,4.4499636e-2,True
772,-0.62174726,0.45838034,-0.7975224,False
771,-0.4438535,-0.70867753,-0.37456572,False
770,-0.59459984,-0.57076216,-0.62246907,False
769,0.6232654,-0.57463884,-0.9133842,False
768,6.3803315e-2,-0.21450007,0.9827776,False
767,-0.7039988,2.2010922e-2,0.22464561,False
766,0.79667354,0.51468325,0.8274536,True
765,-0.29448795,-0.40567303,-0.8934376,False
764,-0.5879456,-0.4763286,-0.9535408,False
763,0.45380044,-0.9304757,0.5267161,False
762,-0.98903406,-0.34116316,0.44156063,False
761,0.3710519,0.90428734,0.16213346,True
760,0.9090258,0.88501513,0.4888972,True
759,0.5233842,-0.2628188,0.6494714,True
758,8.627486e-2,-0.51064396,0.635362,False
757,-0.36236584,-0.5354333,-0.29070318,False
756,0.28957438,-0.8502513,-0.9671538,False
755,0.80295813,-3.6174893e-2,5.1129937e-2,True
754,-0.46894324,0.49433243,0.94482875,True
753,0.43156862,0.5556805,-0.5495733,True
752,0.46236455,0.23420393,0.3214606,True
751,0.10914457,0.5644033,-0.903425,True
750,-0.7296252,5.2681208e-2,0.46029723,False
749,0.5517769,-0.776757,-0.4544325,False
748,0.47255564,0.26624084,0.30323267,True
747,0.5894265,0.3936634,0.43790853,True
746,-0.1843028,0.51579726,-0.60631967,True
745,0.5623709,0.5987413,-0.46457958,True
744,0.6789317,0.9915813,-0.6284827,True
743,-0.53712785,0.77104175,0.6896223,True
742,0.23927224,-1.22259855e-2,6.264281e-2,True
741,0.51359475,-0.82259405,-0.64371,False
740,-0.46249163,-6.340408e-2,0.4616109,False
739,0.51490426,-0.21967101,-0.2707516,True
738,0.17534935,4.535508e-2,0.77742994,True
737,0.43925,2.155304e-3,-0.23120606,True
736,-1.9228935e-2,-0.5611758,0.9189184,False
735,0.88667536,0.35609663,-0.17996824,True
734,-0.1052537,-0.68951976,-0.61088026,False
733,2.7484655e-2,-0.22518015,0.31931674,False
732,-0.9132513,-0.6916827,0.7948884,False
731,-0.6403966,-0.36488104,-0.7785231,False
730,-0.9449506,-0.698851,-0.69534063,False
729,-0.5131185,-0.9881345,-0.41538894,False
728,0.7192352,0.58112085,-0.34979296,True
727,0.7528124,-0.54286504,0.11981702,True
726,-0.9941267,0.6942439,0.1690892,False
725,0.1005739,0.72122157,2.3540854e-2,True
724,-4.146421e-2,0.39580774,-0.3006282,True
723,-0.47367036,-0.31196105,0.39375603,False
722,-3.1638026e-2,0.94054985,0.9980136,True
721,0.30316448,0.87955046,0.34259772,True
720,-0.597587,-9.848082e-2,-0.81021476,False
719,-0.6053982,0.55801344,0.61232567,True
718,-0.45418894,-0.96613884,0.96469665,False
717,-6.4189315e-2,0.13701355,-0.43334568,True
716,0.4892341,-0.9425311,-0.23026967,False
715,-0.3606534,0.112223744,0.79495406,False
714,0.5445565,-0.84168696,0.4691373,False
713,-0.4810617,0.32657516,-0.28811002,False
712,-0.39515388,0.4566059,0.12026811,True
711,-0.9824606,0.94072247,-0.91881096,True
710,-0.32546294,-9.527206e-3,-0.35350323,False
709,-0.18869591,0.48255837,-0.8994287,True
708,0.603927,-8.413792e-2,0.5669441,True
707,0.82625496,0.81615806,0.76179516,True
706,-0.9227822,-0.31747365,0.74795306,False
705,-0.12992573,0.8608271,0.5871668,True
704,0.6601198,6.750333e-2,-0.47920263,True
703,0.54413915,-0.5824133,0.99331796,False
702,-0.3153652,-0.40459847,0.32485545,False
701,-1.6101718e-2,-0.38751364,0.16159189,False
700,0.6282811,0.6635386,0.28711653,True
699,-0.86937225,-0.7927488,-0.39703286,False
698,-0.40591466,5.0034523e-2,0.9996053,False
697,-2.572918e-2,0.9878738,-0.9425385,True
696,-0.32857907,0.7978462,0.48377216,True
695,-8.6414695e-2,-0.80428004,-0.81558275,False
694,0.46310675,-0.68934786,-0.35296905,False
693,-0.60997117,-0.97640014,-0.1891092,False
692,-0.27360594,-0.50103235,0.4413793,False
691,-0.1213423,0.4138341,5.8768988e-3,True
690,0.44963467,-0.59459484,0.3542441,False
689,-0.7151321,-4.3734074e-2,-0.58236194,False
688,-5.2173615e-2,0.8763015,-0.3410728,True
687,0.43816388,0.5956683,-0.5146196,True
686,-0.7186192,0.80206037,-0.33577228,True
685,-0.5490986,5.0807357e-2,0.7037847,False
684,-0.64558136,-0.73151255,-0.7895194,False
683,0.6459863,0.9725164,-0.9441,True
682,-0.30564225,0.46778274,0.849483,True
681,-0.7955054,-0.12047267,0.64373446,False
680,-0.7609875,-0.53850734,-0.58516693,False
679,0.3938203,0.9623771,-2.808559e-2,True
678,0.7840307,0.44401312,0.7250967,True
677,0.87022316,-0.6838672,0.14202845,True
676,0.96546495,0.8047092,0.38088107,True
675,-0.41581368,-6.3580275e-3,-0.4507115,False
674,-0.9618267,-0.25248384,-6.597686e-2,False
673,-0.52843356,0.7901559,0.72900224,True
672,0.38893175,-0.34984326,0.578688,True
671,-0.14454639,-0.37892425,-0.8496332,False
670,-0.47000682,0.35778224,0.65968907,False
669,-0.6558902,0.80902946,-0.8371161,True
668,0.34797573,-7.248843e-2,-0.7698449,True
667,-2.298534e-2,-0.116143465,-0.3910594,False
666,0.9013126,-0.32945895,-0.37569237,True
665,0.5787767,0.78906834,0.4830414,True
664,0.10337114,0.2166096,-0.43571365,True
663,0.98790324,-0.3029827,0.14682603,True
662,-0.13669312,0.13516176,-0.83063936,False
661,2.3458838e-2,-0.57304657,-0.73493576,False
660,0.68886733,0.39426112,0.9266796,True
659,0.8152211,-0.4506538,-0.8048701,True
658,0.46993947,-0.9571197,-0.32053566,False
657,0.111985326,0.8994062,0.48056972,True
656,-0.16090035,-0.8119832,0.619051,False
655,6.793606e-2,0.17481315,0.62063575,True
654,-0.8753557,0.4243127,-0.13167775,False
653,0.47099292,7.806897e-3,-0.6594355,True
652,0.109692216,-0.5353458,0.91751516,False
651,0.6888323,0.66194713,-0.6300378,True
650,-0.9609355,0.28541982,-0.18591368,False
649,-0.36975574,-0.83710265,-0.8740095,False
648,-0.38519,-0.83695257,-0.93746257,False
647,0.79303706,-0.3366145,0.9564264,True
646,-0.49772036,0.8603889,0.3597957,True
645,-0.4529413,-0.64100385,-0.7713778,False
644,-0.3937062,0.77038515,-0.29112875,True
643,-0.30657995,0.8495331,5.2485585e-2,True
642,-5.1427603e-2,0.5321164,0.45596194,True
641,-0.6916642,-0.70915747,-0.519734,False
640,0.15398741,0.1665076,-0.521855,True
639,0.3165481,-0.2421664,-0.396953,True
638,0.6487969,0.5245329,-0.24540997,True
637,-0.94584167,-0.8709532,-0.34959555,False
636,-0.3148868,9.798765e-2,-0.12920547,False
635,0.8203355,0.33951902,-4.2490363e-2,True
634,-0.67896247,-9.6586466e-2,-0.9048343,False
633,0.21445668,0.5396546,0.38815737,True
632,0.43797386,-0.72592115,0.7992271,False
631,0.77961564,0.9144908,-0.3107785,True
630,-0.54992294,0.10961962,0.7588258,False
629,0.1196233,0.70399606,0.85682416,True
628,-0.10551429,0.42994773,-0.51201904,True
627,-0.784008,0.6057625,0.9169717,False
626,0.8044473,-0.106547356,0.95915234,True
625,0.6717385,0.29419804,-0.13237262,True
624,0.2556033,0.83974063,-0.72165227,True
623,0.36110806,0.9517027,2.1829128e-2,True
622,0.6430547,0.4857192,-0.16364539,True
621,-0.48251736,-0.26888442,0.8042847,False
620,0.6229515,0.14302611,0.73571503,True
619,-0.8065815,0.85162556,0.7210393,True
618,0.3562969,-0.5334915,-0.1736902,False
617,0.5862056,-0.7135253,0.57042813,False
616,0.19296682,-0.9818003,-0.53491294,False
615,0.66160715,0.7305753,-0.8247647,True
614,0.67752934,0.7953284,0.4762249,True
613,0.9085332,0.72089124,8.8811636e-2,True
612,0.44251192,0.7288345,0.60649323,True
611,-0.36648273,-0.9082322,0.8573587,False
610,0.6831635,0.6973748,-0.9818728,True
609,0.74971616,0.16786706,0.2724123,True
608,0.4229957,-0.581244,0.95468915,False
607,0.21041119,0.51331234,-0.82320154,True
606,-0.29733002,0.8072666,-0.8695921,True
605,-0.2842772,0.5923492,-0.39920187,True
604,-0.2696905,0.7397865,-0.76720214,True
603,-0.6754482,0.13199937,0.77549183,False
602,-0.62784433,3.6970735e-2,-0.95791113,False
601,-0.6516093,-0.47014594,-0.21369302,False
600,-0.73741007,-0.5872108,0.17394257,False
599,-0.99029696,-0.2835604,0.21874094,False
598,-0.7008314,0.8442228,0.58053195,True
597,0.59853315,0.8422116,0.71601534,True
596,-0.123508096,0.4059012,0.60426354,True
595,-0.88322973,0.70454717,0.60258687,False
594,-1.9775867e-2,-0.38224947,0.6994473,False
593,0.33121777,0.90376663,0.52101076,True
592,-0.1496557,0.7882551,-0.95260763,True
591,-1.0357738e-2,-0.6362395,0.69163346,False
590,-0.3079672,0.19738305,0.74992573,False
589,9.052026e-2,-0.35810935,-0.9451574,False
588,0.4412979,7.794285e-2,-0.43951297,True
587,-0.75333476,-0.86500835,-0.7555572,False
586,-0.67340255,0.2413559,-0.6553441,False
585,-0.7710184,0.6220516,0.9154638,True
584,0.7566887,-0.31764424,-0.8202846,True
583,0.7667376,0.25173032,-0.9849335,True
582,-0.5603287,-0.59207237,0.86072123,False
581,0.19744408,-0.43742764,0.7958143,False
580,-0.8656713,-0.17705882,0.77863514,False
579,0.6446234,-0.43180084,-0.11971271,True
578,-0.64018226,-0.78034043,0.60544693,False
577,0.22060084,-0.4489373,0.18329287,False
576,0.88279366,0.15983105,0.6151407,True
575,0.50458026,-0.23680305,-0.48180676,True
574,-0.37259054,-0.4006908,0.9028007,False
573,0.94831395,-0.16163981,0.5069879,True
572,0.42848146,0.18853259,-0.19714785,True
571,0.23271787,0.9763807,-0.56079686,True
570,6.134379e-2,-0.14797509,-0.9314859,False
569,0.20012128,0.41002178,0.61754453,True
568,-0.49160957,0.10075438,0.9559939,False
567,-0.32446516,0.8409419,0.7054169,True
566,0.8361567,0.4279412,0.6035309,True
565,0.19343483,-0.58106244,0.5430366,False
564,-0.70550025,0.13622463,0.3288412,False
563,0.7743561,0.32884896,-0.26968944,True
562,8.9158535e-2,0.14679289,-0.19889438,True
561,-0.10326338,-0.9437629,-0.9281275,False
560,-0.31133962,-0.8399551,-0.55829406,False
559,-0.6876191,-0.17963421,-0.900143,False
558,0.51353586,-0.26511586,0.7165319,True
557,-0.8735887,-0.83619034,-0.8557304,False
556,-0.92281866,-0.23954737,-4.989505e-2,False
555,0.72945905,-8.0121756e-2,-0.8688439,True
554,-9.64582e-3,0.90490735,-1.1493921e-2,True
553,-0.12527466,0.15645719,-0.7834053,True
552,0.84218585,-0.4906882,0.10194552,True
551,-0.87490547,0.21862483,-0.7323946,False
550,-0.41195965,-0.6419939,0.9099573,False
549,-4.278648e-2,-0.69863975,0.433635,False
548,0.66407216,-0.6241102,0.4805944,False
547,6.7563057e-3,0.30624878,-0.9523115,True
546,6.124258e-3,-0.44194067,-0.199736,False
545,4.266262e-3,0.426494,-0.61854434,True
544,0.80454004,-9.597623e-2,0.7829366,True
543,0.5401521,0.22927952,0.598372,True
542,0.68483984,0.6208142,-0.7534267,True
541,-0.6162145,-0.39696074,0.37052655,False
540,0.32860827,0.7352104,0.9549259,True
539,-0.8945061,0.30184257,-0.97835195,False
538,0.31149435,-0.76012254,-0.6787667,False
537,0.5516311,0.30819368,0.9693309,True
536,-0.18241847,-0.23021054,0.10417795,False
535,0.4640317,0.62008774,9.462333e-2,True
534,0.9796257,0.76579463,1.4144659e-2,True
533,-0.70499504,0.6604909,0.7783593,True
532,-0.5586735,-0.6613231,-0.83177304,False
531,-0.15758252,0.9598186,-0.6163223,True
530,-0.51016605,0.8408401,-7.961166e-2,True
529,-0.8921212,0.13394499,-7.551682e-2,False
528,-0.32123327,8.134365e-2,-0.3726797,False
527,-0.62075067,-0.7330729,-0.8919183,False
526,-0.5786214,0.28070807,-0.7142476,False
525,-0.7228588,-0.9443804,-0.5520048,False
524,0.113348484,-0.2083621,-0.6799581,False
523,0.15893114,9.9208355e-2,0.15289748,True
522,0.17020369,0.65583146,-0.9127277,True
521,-0.53912747,-0.49435675,0.7663076,False
520,-0.78328943,0.8163053,-0.2028917,True
519,-0.22309458,-0.2571261,-0.21717179,False
518,0.9870466,0.22736335,-1.7638803e-2,True
517,0.9497626,-0.33722103,5.031979e-2,True
516,0.5146842,-0.7005924,-0.4700712,False
515,0.41312718,0.43021357,0.3757105,True
514,0.74898446,-0.6174439,-0.33480167,True
513,-0.86138463,0.42744267,-5.7717085e-2,False
512,-0.8191087,-0.33864903,-0.8207395,False
511,0.3722577,0.48471665,0.5932964,True
510,0.8810829,-0.7028439,0.7189542,True
509,0.73413694,-0.3382194,-0.75008214,True
508,0.53552425,0.2074362,-0.26117945,True
507,-7.0010424e-3,-0.8333925,0.5960797,False
506,0.779721,0.43049765,-0.21718967,True
505,-0.92894113,0.12435615,-0.7961184,False
504,0.15849793,0.88466203,-0.47630644,True
503,0.31186354,-0.87211096,-3.471613e-3,False
502,0.9401002,0.6365185,0.43459868,True
501,-0.38723576,0.44252706,-0.49392474,True
500,6.999266e-2,-0.77713215,0.72698057,False
499,-0.5545385,0.7314888,-0.5198332,True
498,-0.35980606,-2.7722359e-2,4.1787148e-2,False
497,0.9832146,-0.8939121,0.9585782,True
496,0.22808623,-0.37640047,0.6129719,False
495,-0.26784146,4.6301484e-2,0.35572612,False
494,0.7162905,0.46087825,6.736374e-2,True
493,-0.24906003,-0.3388785,0.5997466,False
492,0.7505833,-0.4152838,-0.47457683,True
491,-0.28051543,0.9150181,0.35094762,True
490,-0.18745673,-0.5960865,9.8989844e-2,False
489,0.97554815,-0.9715942,-0.58964086,False
488,0.8291116,-0.752728,-0.969712,False
487,-0.39135778,-0.14882755,5.019498e-2,False
486,-0.7578925,-0.8314855,0.3570466,False
485,-0.17129993,0.46805084,-0.10769653,True
484,-0.21704328,-0.25468612,-0.3242612,False
483,-0.44488084,-0.27715635,0.16196585,False
482,-0.15844357,-0.17984688,0.10707414,False
481,0.84465647,-0.6912534,0.71668744,True
480,-0.81348693,-1.7529726e-2,0.13360584,False
479,-0.7927424,0.39499676,-0.8604214,False
478,-0.22461474,-0.33711624,0.7112299,False
477,-0.41358936,3.4479618e-2,0.8127855,False
476,-0.29560137,0.7640717,-3.8971066e-2,True
475,-0.15778255,-0.33611083,0.71727335,False
474,-0.60325646,-0.47950065,-0.5792059,False
473,0.27242446,0.28615832,0.2997265,True
472,0.48645806,-0.6278038,-0.16861117,False
471,0.3621136,-0.4980855,3.744018e-2,False
470,0.33793366,0.9873285,-0.38087547,True
469,0.9144715,0.88478327,0.41119778,True
468,0.16388321,0.4419545,0.30344224,True
467,-9.020591e-2,-0.21727061,-6.2101245e-2,False
466,-0.6604328,-0.11990404,0.13629532,False
465,-0.24997091,0.25468218,0.89872086,True
464,-0.48758423,-0.58048105,-0.19328177,False
463,-0.72568405,-0.1317941,-0.52918255,False
462,-0.6381353,-0.106698275,-0.58906007,False
461,0.6232997,-0.2638166,-2.0859241e-3,True
460,0.22950244,-0.9034909,0.98866606,False
459,0.77592194,-0.13950837,-0.34122157,True
458,0.71360755,-0.39782822,0.67911637,True
457,0.40458655,0.83170795,-0.26353037,True
456,-0.42567194,-0.26310694,0.46029735,False
455,0.11451638,0.59864295,-0.8667747,True
454,7.072401e-2,0.9641942,-0.9268576,True
453,-0.3484478,-0.37459505,0.7434689,False
452,8.22382e-2,-0.5611583,-0.26696062,False
451,0.36339867,-0.52775097,0.5738342,False
450,-3.813851e-2,0.4079336,0.7449857,True
449,0.85152555,-0.7215904,0.8070097,True
448,-6.0694695e-2,0.22482955,0.95083714,True
447,-0.13762772,0.44128728,0.4348774,True
446,-0.26530743,0.5665144,-0.4293654,True
445,-0.42014873,0.18607414,-0.5509043,False
444,-0.26943696,0.4569229,-0.24260783,True
443,0.15465641,-0.1052686,-0.5080291,True
442,-0.5786748,-0.15707982,-0.61622703,False
441,0.8436831,0.76430404,-7.9377174e-2,True
440,0.86893153,0.1542877,-0.2352593,True
439,0.4956938,-0.65577495,-7.109952e-2,False
438,0.5451729,0.48154998,0.1370858,True
437,3.326106e-2,9.751499e-2,0.84814835,True
436,0.47455585,0.3414607,0.2780106,True
435,0.26038134,-0.4023857,-0.8317847,False
434,-0.9794111,-0.3739853,0.27599704,False
433,0.60331476,0.5886357,-0.18680465,True
432,0.2027663,0.32761192,-0.85081756,True
431,-0.48261082,0.4585148,0.9455731,True
430,0.4127909,0.8373003,-0.1436106,True
429,0.19235837,0.883463,-0.4545349,True
428,-0.8498665,-0.93038726,0.45537925,False
427,4.746473e-2,-0.52868366,-0.73507977,False
426,-0.2796694,-0.47805703,-0.7420013,False
425,0.7382593,-0.9204211,0.7048887,False
424,0.22204936,-0.77632904,0.10646927,False
423,-9.088063e-2,-0.3691336,0.21226168,False
422,-3.530407e-2,-0.36280084,0.3596387,False
421,0.4803716,0.802145,0.36279297,True
420,-3.88273e-2,0.37209833,-0.2396133,True
419,0.643888,-0.1073035,0.9809551,True
418,0.2265873,6.986499e-2,-0.87291706,True
417,0.27655303,-0.803771,0.41314387,False
416,-0.70892596,0.8270062,-0.8794497,True
415,0.1431005,0.4725976,-0.22727823,True
414,0.39034176,0.1420176,0.98580325,True
413,-8.548498e-4,-0.9850826,2.829945e-2,False
412,8.465648e-2,0.88546014,-0.66698635,True
411,-0.15729046,0.38960528,0.515723,True
410,0.81769335,-3.9441347e-2,0.25747585,True
409,-0.3150438,-0.5552101,-0.87554646,False
408,-0.27275884,-0.32999444,-1.9130707e-2,False
407,2.1690488e-2,0.96854913,0.15851557,True
406,-0.9046358,0.60763764,0.7364297,False
405,0.6962701,0.12006831,0.22925615,True
404,0.8105006,0.7204913,-0.4516487,True
403,-0.8509979,-4.3682933e-2,7.524073e-2,False
402,0.29259276,0.13293576,-0.7261212,True
401,-0.96805,7.078314e-2,-0.40496337,False
400,0.70804656,-2.2998571e-2,0.14530218,True
399,0.7049581,-0.254467,-0.46081245,True
398,0.3309983,-0.1059196,-0.48830426,True
397,0.6558603,-0.68719184,-0.431512,False
396,0.46801496,-1.2052059e-4,-0.44278634,True
395,0.6976185,-0.7996986,5.5731416e-2,False
394,0.18374455,-0.26880074,-0.7177321,False
393,-0.18182099,0.5724902,-0.8322264,True
392,-0.575477,0.91149974,-0.7673167,True
391,-0.17331576,-0.92693627,-6.4819574e-2,False
390,-0.9068866,0.77694,-4.569316e-2,False
389,0.347188,0.76095676,-0.89684236,True
388,-0.60513127,0.3060348,-0.73996615,False
387,0.2755736,0.23515975,-0.5253186,True
386,-0.732136,0.5634221,0.28396237,False
385,0.60601604,-0.95603335,-0.48238468,False
384,-0.4294734,-0.9015025,0.23196054,False
383,0.66742194,-0.1629895,0.31934035,True
382,-0.7845694,-0.22182345,0.8827131,False
381,0.12869549,-0.13008595,0.347548,False
380,-0.8953624,0.9113234,0.45496082,True
379,-1.779461e-2,0.9961326,0.8995825,True
378,0.84330535,8.265197e-2,-0.8050008,True
377,0.35517633,0.51965594,-0.15719342,True
376,0.80335045,-5.315602e-2,-0.24392378,True
375,-0.54718125,0.5390892,-0.84678185,True
374,-0.39620543,-1.8418789e-2,0.4702226,False
373,0.9095782,-5.3308487e-2,0.81999815,True
372,-0.53214383,-0.87774456,8.465111e-2,False
371,0.31997538,-9.892428e-2,-0.4681754,True
370,-0.56209767,0.6870743,0.69008577,True
369,-0.86620736,-0.15430748,0.92203,False
368,0.23035455,-0.5796939,2.5454879e-2,False
367,0.64039433,0.37412262,-0.6458851,True
366,0.46691847,-0.40041614,0.6354501,True
365,0.89252746,-0.40233397,0.22704744,True
364,-0.6247369,-0.9354906,0.63024867,False
363,0.4843589,0.9769031,0.30989957,True
362,0.5249454,0.9779508,0.2065289,True
361,0.19740939,-0.2346574,-0.92799556,False
360,0.5655165,-0.81698704,0.7521819,False
359,-0.8243723,-0.43002498,-0.4520924,False
358,-0.34076452,0.6390457,-0.69803524,True
357,-0.69642913,7.519722e-4,2.0240426e-2,False
356,-0.60695815,0.70794225,0.95087636,True
355,-0.8311608,7.7509046e-2,-0.96599233,False
354,-0.2436248,-0.83103895,0.24067628,False
353,0.8275837,0.1340754,-0.45602238,True
352,-0.7076844,0.9431014,0.1561482,True
351,0.4186244,-0.86271286,0.5313157,False
350,0.9571519,-0.35574007,-0.31804895,True
349,-0.590359,0.40410745,-0.139498,False
348,-0.74580896,0.8344717,0.44884634,True
347,-0.76155865,-0.8732345,0.2133857,False
346,-0.27533996,0.61323154,-0.67439854,True
345,0.24976277,0.9752306,0.15394485,True
344,0.6324904,-0.103657246,-0.13962567,True
343,-0.92898333,0.4503733,-0.417598,False
342,-0.19368458,0.11549306,-9.483361e-2,False
341,0.58286595,-0.61311007,0.20678067,False
340,-0.8733232,0.32082224,-0.39675975,False
339,0.42170727,-0.8153342,0.45726275,False
338,-8.382189e-2,-1.1169314e-2,-0.104671955,False
337,-0.4140364,-0.5345576,-0.7686204,False
336,-0.6756456,0.8211287,-0.26308692,True
335,0.8572444,-0.6437539,0.667727,True
334,-0.5998868,1.2871623e-2,0.5538665,False
333,-0.5476891,-0.31630182,0.64027524,False
332,0.50984097,0.8382561,-0.97865224,True
331,0.17079413,0.555653,-0.8299551,True
330,0.47148228,-0.77285516,-9.9316716e-2,False
329,0.77095234,0.724468,-0.6323534,True
328,0.8303336,-0.41982365,0.14280379,True
327,-0.6332885,-0.9968965,-0.7947774,False
326,0.5928087,0.91966593,-5.5166602e-2,True
325,0.3123412,0.98713446,8.3692074e-2,True
324,6.617844e-2,0.6691843,0.79719126,True
323,-0.7561282,-0.82534707,-0.9304645,False
322,0.2351259,-0.74570036,0.12112844,False
321,0.9460666,-0.29092765,-0.85634613,True
320,0.56021726,-0.6485996,0.8352592,False
319,-0.23513746,0.6423631,-0.34041274,True
318,-0.85469365,-0.45748746,-0.7493278,False
317,0.2085923,-0.3869903,-0.22322571,False
316,-0.7391362,-0.31713724,4.462433e-2,False
315,-0.6204357,0.96981573,0.69207466,True
314,-1.1001825e-2,0.41348767,0.88102186,True
313,-0.73763883,-0.82596684,0.19083428,False
312,-0.12194157,0.75693727,0.7679297,True
311,-7.0456386e-2,0.7700255,0.45258963,True
310,-0.18129933,-0.110706925,0.77706087,False
309,0.35298836,-0.59591496,-0.8278928,False
308,0.26384032,0.42090833,-0.15279114,True
307,0.52318954,-0.21999311,-0.85196066,True
306,0.657609,0.5196911,-0.1152513,True
305,-0.6290364,0.6318842,-0.8881426,True
304,0.5390166,-0.18306994,-0.42664957,True
303,0.22068012,0.79067004,0.35769856,True
302,-0.32400334,-0.704864,-0.88758576,False
301,0.6423445,-0.5702965,-0.86164534,False
300,-0.4364574,0.7363794,0.9300705,True
299,4.090202e-2,0.9046016,-0.74604166,True
298,-0.44865537,0.6015675,0.25042093,True
297,0.14058995,0.14120317,-0.1493324,True
296,-0.66376865,0.18349302,-0.29925573,False
295,-0.3300054,-0.958382,0.3810023,False
294,-3.1846166e-2,-5.006087e-2,0.9348633,False
293,0.29097188,0.24472117,0.45749152,True
292,0.4480654,-0.3138076,-0.15763032,True
291,0.4991629,-0.83379984,0.11764765,False
290,-0.58717513,-0.30110645,-9.733176e-2,False
289,-0.32075083,-0.5852623,-0.266572,False
288,0.37146533,0.4937898,8.2832575e-3,True
287,0.77818215,0.2720219,2.2333026e-2,True
286,-0.14691114,-0.8799919,0.79560494,False
285,-0.4799745,-0.60216093,-0.36106825,False
284,0.8916744,-0.26081133,-0.19457138,True
283,0.3443644,-0.4355259,-0.65555954,False
282,0.47399282,0.52888393,-2.4750352e-2,True
281,0.28025055,-0.64236355,0.72846806,False
280,-0.7156271,0.8863605,-0.66980124,True
279,-0.668175,0.39218676,-7.6303124e-2,False
278,-0.57934093,0.89983225,-0.18812215,True
277,-4.7400355e-2,-0.7366458,0.503307,False
276,-0.55591416,-0.542783,-0.79948366,False
275,-0.4983052,0.9990231,-7.7495694e-2,True
274,-0.15731406,-0.36210275,9.125686e-2,False
273,-0.6365646,0.2310487,-0.9180609,False
272,0.4427806,-0.71196544,9.118819e-2,False
271,0.9633219,-0.5154747,-0.1370269,True
270,0.20120955,0.42981982,-8.74635e-2,True
269,-0.61909366,-0.11542022,0.52133393,False
268,-0.9654441,2.0070314e-2,-0.99585617,False
267,0.3766749,-0.6486125,-0.6098517,False
266,0.9296007,0.7020211,1.7000556e-2,True
265,-0.29951882,0.8512752,0.91760445,True
264,4.870212e-2,0.15888536,0.3878187,True
263,-0.80204225,-0.4330082,0.4365685,False
262,-0.6609477,-0.6598257,-0.37004054,False
261,-0.67722094,-0.26436067,0.65385425,False
260,6.9502234e-2,-0.14444733,0.4921596,False
259,-0.9141499,-0.94533646,0.8046117,False
258,0.19268286,-0.91655946,0.23611796,False
257,-0.47852898,0.34516585,0.2227372,False
256,-0.74779046,-0.9528477,-0.7980968,False
255,0.9896903,0.2994336,0.15804946,True
254,0.5006821,-3.2827854e-2,-0.24931228,True
253,-0.5344596,0.3227527,0.27134693,False
252,-0.18084443,-0.43451345,0.9971379,False
251,-0.8252995,0.14631605,0.5954455,False
250,-0.6941483,-0.6075311,-0.7643218,False
249,0.9228958,-0.7780932,-0.7671118,False
248,-2.9182315e-2,0.9790088,-0.10672951,True
247,0.48568952,0.82924604,-2.7795434e-2,True
246,-0.17658436,-0.6424769,0.80037665,False
245,0.21243644,0.40181136,0.25579762,True
244,-0.7872435,0.1256665,-0.620057,False
243,0.56149256,0.18277335,-7.007778e-2,True
242,-0.20379734,-0.33683038,0.20970714,False
241,-0.4751991,-0.22728682,-0.4276389,False
240,9.8293304e-2,-0.9313638,-0.6290295,False
239,-0.46683025,-0.5330651,7.0804715e-2,False
238,0.5322087,0.17900181,-0.9483844,True
237,0.9464624,-0.9965764,0.70910656,False
236,0.81559205,-0.72678757,0.6893635,True
235,-0.2688167,6.834841e-2,-0.3329321,False
234,-0.87422717,-0.88223636,-9.914589e-2,False
233,0.4933951,7.083893e-2,0.19090128,True
232,0.8434249,-0.30898023,-0.5580021,True
231,0.504423,0.9150305,-0.80403745,True
230,-0.60878396,6.178236e-2,0.6244776,False
229,-0.10213852,-0.8413893,0.24980772,False
228,-0.4651233,-0.36359692,-0.2101841,False
227,-0.20196426,-0.88673306,-0.8688992,False
226,-0.67566,0.31168652,-0.2142235,False
225,-0.7695831,0.80359805,0.26117957,True
224,0.73981285,0.59965813,0.79231334,True
223,0.117750406,0.3565799,0.9359733,True
222,-0.823861,4.7204256e-2,-0.24510169,False
221,0.88752055,-0.7989297,4.577732e-2,False
220,-0.84626186,-0.40908527,-7.5035095e-2,False
219,-0.7234967,0.6023134,-0.27862036,False
218,0.32279634,0.50167847,0.298041,True
217,-0.6732912,-0.15106523,0.15396082,False
216,0.7495762,-0.22048855,0.8075671,True
215,0.7905524,0.7041166,-0.6764929,True
214,-0.33742738,0.1221832,-0.6565752,False
213,0.5924374,0.55502033,-0.44698155,True
212,0.68723106,-0.28860557,0.11528599,True
211,-0.20933461,-0.6246635,0.452348,False
210,-0.79666126,0.3493756,-0.44403875,False
209,-0.8930131,-0.27866316,-0.46430647,False
208,-0.9008832,-0.84812105,-0.25911593,False
207,0.14083993,-0.5235584,-0.33100712,False
206,-0.75749743,-1.9530773e-2,0.5981573,False
205,0.7593566,-0.44742644,-0.28500938,True
204,0.7728536,0.7519816,-0.7458104,True
203,0.42818725,0.8489783,0.293795,True
202,0.8110374,-0.7208766,-0.896912,False
201,3.196323e-2,0.44524002,0.2691126,True
200,-0.9787538,-8.188987e-2,0.30943382,False
199,-0.60305417,0.33081996,-0.47590065,False
198,-0.5328443,0.121459484,0.2416439,False
197,0.23839355,-0.63826025,-0.22577548,False
196,0.9446411,-0.41531265,0.4508841,True
195,0.12635863,0.7684277,-0.3466488,True
194,7.6305985e-2,0.16947865,-0.81165636,True
193,-0.63409865,-0.40938556,0.30913234,False
192,8.163309e-2,-0.20550597,-9.161711e-2,False
191,-0.7556453,-0.38706434,0.66809344,False
190,0.5520874,-0.8193275,3.6710262e-2,False
189,-9.250748e-2,-0.6986413,-0.5072087,False
188,-3.0955195e-2,0.110403776,0.7575444,True
187,0.31825316,-1.38094425e-2,0.7931768,True
186,-0.18292582,-0.3434565,-0.9145702,False
185,-0.93781936,-0.31199408,-0.40802753,False
184,-5.045128e-2,-7.2363734e-2,0.7487979,False
183,0.4795196,0.41922224,0.8236475,True
182,-0.79607964,0.8384758,-0.5684812,True
181,0.5088098,0.1788677,-0.16395366,True
180,0.99774396,0.60344887,0.8727025,True
179,4.5443535e-2,-0.7963332,-0.10359979,False
178,-0.49712884,0.1761477,0.3994354,False
177,0.541376,0.46869707,-0.80512226,True
176,-0.78384864,-0.45847523,-0.13802421,False
175,-0.3866552,0.717818,0.70164657,True
174,-0.8090657,-0.5008439,0.44479144,False
173,-0.5456356,0.43056703,-0.10080552,False
172,-0.96213734,-0.83020175,-0.983806,False
171,-0.35237825,0.1296457,-0.41509926,False
170,-0.9892801,-0.7749183,0.59092295,False
169,0.86652267,-0.88747144,-2.4888277e-2,False
168,0.54234767,-0.51651037,0.19616318,False
167,0.60806215,-0.9478661,-0.15873873,False
166,-0.15392482,8.302832e-2,-0.27775943,False
165,0.7340255,-0.48483038,-0.6653105,True
164,-0.8027077,-0.3435583,0.82729065,False
163,-0.4839537,0.15368938,-0.7617469,False
162,0.8905916,-6.667566e-2,-0.36863518,True
161,-0.17179585,0.41420448,-0.79648876,True
160,-0.6211133,0.6384183,-0.48306024,True
159,-0.5576769,9.467113e-2,-0.50226426,False
158,0.38364708,0.70471656,0.174932,True
157,0.87139106,0.5821314,0.7069918,True
156,-4.1829348e-3,0.24874187,0.15412998,True
155,-0.8534752,-0.49495125,-0.52619994,False
154,-0.49536538,-0.20784211,-6.791353e-2,False
153,0.89070666,0.27069438,-8.593035e-2,True
152,0.3368001,-0.266325,0.8292626,True
151,-0.5707501,-0.26707566,0.28418267,False
150,-0.735865,0.8578901,-9.7076416e-2,True
149,-0.42304194,-4.9896836e-2,-0.24669409,False
148,6.1499953e-2,-0.46492922,-5.400741e-2,False
147,-0.70300114,-0.24120903,-0.533656,False
146,-0.141716,0.82153404,-0.7370541,True
145,0.9885802,-0.27829254,-0.7301353,True
144,-0.52093995,-0.8243021,0.50485444,False
143,-0.71686697,0.49614716,0.54719293,False
142,0.84097874,-0.27257752,0.49907458,True
141,-0.60087466,0.61072564,-0.2329874,True
140,-0.392784,0.91581225,0.89989936,True
139,-0.6848475,-0.24215734,-0.33440375,False
138,0.551653,0.692739,-0.52850723,True
137,0.8773911,-0.66586983,-0.98971045,True
136,-0.8826053,0.894457,-0.38168585,True
135,0.57704186,0.5540625,0.7131692,True
134,0.8003588,-0.8897028,-0.8510413,False
133,0.587314,3.721261e-2,-0.9739393,True
132,-0.40067446,0.18292701,-0.8746793,False
131,0.15030134,0.7085743,6.510079e-2,True
130,0.77286875,-0.36405003,0.5433258,True
129,-0.640362,3.5904884e-2,0.24515855,False
128,-0.26914024,-0.54550517,-0.65702593,False
127,-0.4757315,0.5107502,-0.24190235,True
126,-0.95324314,7.9743624e-2,-0.688352,False
125,-0.89396656,-0.88162196,-0.81909406,False
124,-0.8608961,1.3006568e-2,-0.8495666,False
123,0.53160596,0.36109805,0.49139476,True
122,-0.4072529,0.6245817,0.84670043,True
121,-8.434069e-2,-0.81154156,-0.68725514,False
120,-0.7332578,0.94999635,0.42399192,True
119,0.3044858,-0.9361181,-4.0695667e-3,False
118,0.6475506,0.7533617,-8.394897e-2,True
117,0.9023272,0.23841023,0.86038375,True
116,-0.5269128,-0.29886782,0.69410586,False
115,0.39044106,0.628639,0.35652268,True
114,0.9216416,-0.9393681,0.7873596,False
113,0.37961745,0.17791879,0.88095605,True
112,0.9842038,-0.8254857,0.21586287,True
111,0.87364805,-0.7570822,-9.092116e-2,False
110,-0.6867931,0.9852731,0.111046314,True
109,-6.0757756e-2,-0.4158908,0.12441003,False
108,-5.9770346e-3,-0.9842588,0.3619691,False
107,-0.20383906,0.76958823,0.55952394,True
106,0.9167317,0.22542381,-0.31151593,True
105,0.70721126,0.23207211,-0.55940115,True
104,-0.2602501,0.10859823,0.73808014,False
103,0.8706423,0.86764073,-0.15659344,True
102,-0.41368306,0.47128856,-0.36379468,True
101,-0.11711609,-0.71882606,0.14557457,False
100,0.1677227,0.77211106,0.3696382,True
99,-0.31452167,0.35997844,0.9340551,True
98,0.22967029,-0.4060508,0.57038975,False
97,-0.5035721,0.12562692,-9.7922325e-2,False
96,-0.6611185,0.35300756,0.96911633,False
95,0.5334922,-0.7280371,0.5706321,False
94,5.0766945e-2,-0.47052336,-0.33433974,False
93,-0.39360034,-0.6382209,0.30677152,False
92,4.253924e-2,0.10135186,-0.26311195,True
91,-3.7786603e-2,0.77409685,-0.3448124,True
90,0.6344147,0.20054173,-0.5781673,True
89,0.370605,0.91352224,-0.4377483,True
88,6.438494e-4,0.45775008,0.6470578,True
87,-0.2279476,0.55396485,-0.40186048,True
86,-0.6350874,0.8392434,-6.2841415e-2,True
85,-0.9947808,0.2568879,0.21219647,False
84,-0.11002815,-9.176135e-2,-0.5652156,False
83,0.9158379,-0.14244604,0.32839394,True
82,0.6618477,0.9549198,-0.50889814,True
81,0.71770763,-0.35022366,-0.4639299,True
80,-0.6962377,6.0585022e-2,0.62521744,False
79,-7.577503e-2,0.17419207,0.7698171,True
78,-0.61373615,-0.2093159,0.64772654,False
77,0.63278425,-0.92760324,-1.1446118e-2,False
76,-0.34559047,0.9645026,-0.78224516,True
75,-0.33037758,0.5971333,0.9365442,True
74,-0.180184,0.47371435,-1.128757e-2,True
73,4.9012065e-2,0.23430037,0.9636506,True
72,0.7125963,0.99196196,9.720349e-2,True
71,0.957728,-0.6083764,-0.45444965,True
70,-0.61029136,0.6801585,-0.90589654,True
69,-0.61128676,-0.9207709,-0.8210615,False
68,1.2740016e-2,-0.26486397,6.815255e-2,False
67,0.8567635,0.6580738,0.51029396,True
66,-0.2867589,0.8161199,-0.48164666,True
65,-0.6816195,3.9147377e-2,0.7169386,False
64,9.50042e-2,0.10212934,0.9532188,True
63,0.8716676,-3.5936117e-2,-0.15416443,True
62,-0.9831865,0.13571537,-0.7279837,False
61,0.42802,0.5425954,-0.99204636,True
60,2.8261423e-2,-0.44761634,-0.34212184,False
59,-0.8179407,-0.36454773,0.5803257,False
58,0.21512854,-5.927539e-2,0.48500204,True
57,0.19755292,0.4912033,-0.52095795,True
56,-0.9179399,0.69088435,-0.45511734,False
55,-0.14776802,-0.31491673,0.7017683,False
54,-0.53071797,0.95791805,-0.91029286,True
53,0.68806255,0.23463452,7.642269e-2,True
52,-0.18278146,0.71085525,0.6751119,True
51,6.8496466e-2,0.5274308,-0.92706954,True
50,9.4263434e-2,0.8240192,-0.6031791,True
49,-0.3541546,-0.2868284,0.6301049,False
48,0.4906968,-0.5299406,-0.66954935,False
47,-0.91158426,0.19659519,-0.8365357,False
46,-0.15041256,-0.21634007,0.30914652,False
45,0.5549443,0.50554013,-0.5594449,True
44,0.22549248,-2.295351e-2,-0.34292066,True
43,-0.99474657,-0.19233024,7.729578e-2,False
42,-0.22627807,-0.84548235,0.41772926,False
41,-0.60738254,0.76567435,-0.42595387,True
40,0.9437351,0.43285513,0.42354643,True
39,-3.8852453e-2,-0.29581308,-0.37765324,False
38,0.5853995,-0.71794975,-0.98037064,False
37,-0.7062439,-0.8944746,0.63397574,False
36,0.7826414,-0.33979738,-0.89304185,True
35,-0.4876082,0.10843849,0.30575907,False
34,0.78394914,-0.43465006,0.91845715,True
33,-0.22575963,0.2184434,-0.98041844,False
32,0.81397355,-0.25030446,0.79197574,True
31,0.6486801,0.1912353,0.35293996,True
30,0.6950966,0.4644128,0.56483865,True
29,-0.39221978,0.42594433,-0.11831677,True
28,-0.15998292,0.7884716,0.48369503,True
27,0.83200574,0.84500134,0.79743993,True
26,-0.1443522,-0.5297164,9.8104835e-2,False
25,-0.3341285,-1.9683957e-2,0.8564812,False
24,7.524645e-2,-0.656706,-0.9441732,False
23,-0.117936015,0.39103794,0.53465605,True
22,0.7997823,0.7085738,0.14965999,True
21,-0.4611243,-0.45146036,0.8664663,False
20,0.27514935,0.13572633,0.7644161,True
19,0.46708357,-0.64897823,0.519168,False
18,-0.13088584,-0.26048577,0.8931066,False
17,0.8952985,0.2253046,-0.44858873,True
16,-0.8159865,0.6138966,0.22133183,False
15,0.560261,0.9127202,-0.9882766,True
14,0.10257673,8.148384e-2,-0.44024694,True
13,-0.33389342,-0.4784845,-5.7432175e-2,False
12,0.36668134,0.46209466,0.30549562,True
11,-0.40758038,-0.14118445,-0.9782028,False
10,0.39628315,0.19175208,0.8896599,True
9,-9.097111e-2,0.5657953,-0.5972506,True
8,-0.6399994,-0.7918359,-0.2328341,False
7,0.5711187,-0.49331248,-0.33532822,False
6,0.93846667,0.39459324,0.49278402,True
5,0.5651368,-0.582435,-0.35340607,False
4,-0.5812955,-0.13061023,-0.1497432,False
3,0.45011687,0.3963108,0.21864581,True
2,-0.5368502,-0.38126135,-0.9564407,False
1,6.91973e-2,0.44912267,-0.5964093,True
0,2.534914e-2,-0.9644406,0.790058,False
