999,-0.51001847,0.29173005,-0.31976068,True
998,-0.6711267,0.60659444,0.12010288,True
997,0.32339013,0.59185576,-0.74433887,True
996,-0.5481771,-0.8994789,0.35896564,True
995,-0.66012406,-0.2342745,-0.25031734,True
994,-0.2437768,2.308178e-2,0.67781734,False
993,-0.5288061,0.14752948,-0.65081453,True
992,-0.25906694,-0.1746453,-0.4723215,True
991,3.2432675e-2,-0.9184836,0.6156548,False
990,0.82840717,3.1905174e-2,0.65978086,False
989,0.5452231,8.727515e-2,0.9911612,False
988,-0.5779232,7.878828e-2,0.29173887,True
987,8.3055735e-2,-0.57987344,9.3366265e-2,True
986,0.30194008,0.7200079,0.7676456,False
985,0.32969475,-0.6392752,0.69330955,False
984,-0.21565723,-0.29510665,-0.41039085,True
983,0.67700744,0.17419815,0.5111214,False
982,0.4795344,-0.6763592,-0.9935458,True
981,0.29347336,0.4597925,0.22039092,False
980,-0.5262042,0.4109075,-3.1855345e-2,True
979,2.2819757e-2,-0.1199249,2.8325677e-2,False
978,0.42391908,0.40619016,0.64889693,False
977,-0.54162633,-0.2913828,-0.11961138,True
976,0.83852446,-0.99344265,-0.313622,False
975,0.17650986,0.96089983,-0.19361699,False
974,0.35129023,-0.60771596,-0.73891926,True
973,-0.74559,-0.46289134,0.74046946,True
972,-0.31622624,-1.2161016e-2,0.69433963,False
971,-0.2731732,0.3503294,-0.21554291,True
970,-0.37390375,-0.39059126,0.57838285,True
969,0.7670102,-0.51314175,-0.22216523,False
968,0.9897094,-0.35415924,-0.32524025,False
967,0.46332765,0.12622464,0.17417252,False
966,-0.77183926,0.82250404,-7.467067e-2,True
965,-4.152286e-2,-0.45623016,-0.5904856,True
964,-0.88121367,-0.9961997,-4.391849e-2,True
963,0.7595421,-0.7570394,0.2014978,False
962,-0.7040343,0.6293385,0.58074415,True
961,-0.50858843,-0.46936715,-0.591223,True
960,0.80780196,-0.3996123,0.6270684,False
959,0.4271884,0.69810283,-0.81310666,False
958,0.12547135,-0.96507645,0.15203476,True
957,0.46203506,0.9063072,0.96406436,False
956,0.6509075,8.4417105e-2,0.3237821,False
955,-0.6203251,-0.18051732,-0.8733852,True
954,0.3395723,0.4543296,-0.42977917,False
953,-5.794823e-2,-0.62604034,0.6958828,False
952,-0.27117157,-0.6509775,0.80228806,False
951,0.76528656,-7.411754e-2,0.9675672,False
950,-0.22102666,0.15419233,3.0533671e-2,True
949,-0.34121704,-0.18828785,0.73205936,False
948,-0.7699344,0.29385328,-0.5147219,True
947,0.9289154,-0.16642189,0.8648249,False
946,-0.73001707,0.8835484,-0.598544,True
945,0.25951242,-0.72512734,0.4919654,False
944,-0.7448149,-0.54465973,-9.235847e-2,True
943,0.82116437,0.17972386,0.14327669,False
942,-0.48534548,0.41430163,2.7990699e-2,True
941,0.20733929,-0.66776,0.4047972,False
940,-0.32133138,0.93779373,-0.58827114,True
939,-0.41021442,-0.9190054,0.81439435,True
938,0.50390744,0.709628,0.37770724,False
937,0.782511,0.23729062,-0.5134096,False
936,0.8300127,0.77896607,0.5554687,False
935,-0.41772258,-0.37849844,-0.4498837,True
934,0.38516867,0.65920234,-0.9623492,True
933,-0.6103084,0.7621949,0.6629926,False
932,0.31947422,0.19498253,0.65333176,False
931,-0.51321185,0.5092406,-0.56953466,True
930,-0.32197273,-0.12772703,0.7186185,False
929,-0.46998215,1.1510372e-2,-0.7024306,True
928,0.21715367,0.5874182,0.6362567,False
927,0.49734938,0.19242513,0.6082841,False
926,0.31115973,0.1710881,-0.69423556,True
925,0.7875402,-0.48749137,8.9114785e-2,False
924,0.6422801,-0.70840335,0.8615562,False
923,-0.12143612,-0.6764364,8.292353e-2,True
922,0.28880024,0.6089798,-7.313967e-2,False
921,0.67374015,-0.6724472,-0.5041423,False
920,0.764639,-0.5633334,-0.88781416,True
919,0.40553188,9.1424584e-2,-0.40096617,False
918,-0.9586003,5.67348e-2,-0.20188272,True
917,-0.13697529,-0.54127765,0.71619964,False
916,-0.97364783,-0.57294,-0.91612566,True
915,0.1720494,-0.93604994,0.9514884,False
914,-0.68407834,-0.17597759,0.28178072,True
913,0.2307707,-0.26337838,-0.9907088,True
912,0.9877993,-0.98013914,0.28587306,False
911,-0.9741349,-0.7220011,0.60792375,True
910,0.16513205,-0.8367442,0.7331506,False
909,0.17513978,0.5479511,-0.20103419,False
908,-0.9655442,-0.39933276,-0.22963524,True
907,-0.63949144,-4.7609568e-2,0.92182696,False
906,0.91840804,0.65342116,-0.7347326,False
905,-0.23794842,0.76529586,0.1680479,False
904,0.59377,0.79699886,0.60163844,False
903,-0.7186544,-0.9515023,-0.8551444,True
902,0.4064206,-0.6310928,-2.0483851e-2,False
901,0.6727532,0.33750403,0.19290423,False
900,-0.50956,-8.561218e-2,0.103337646,True
899,-0.97255456,0.35399354,-0.5107173,True
898,-0.8830006,-0.44987023,0.77477634,True
897,1.3610959e-2,0.7390146,0.23618817,False
896,0.9725741,-0.24400628,0.9604976,False
895,-1.963842e-2,-0.49024332,0.7425585,False
894,0.9552833,-0.276559,-0.7849246,False
893,0.93010867,-0.8453758,4.1324258e-2,False
892,0.3129704,0.14369416,0.9267527,False
891,-0.72903633,0.27339602,-0.48313415,True
890,0.33232415,0.6254828,0.70522475,False
889,-0.60022056,0.81145346,-6.405437e-2,True
888,8.063197e-2,0.10998428,0.8109479,False
887,-0.9777349,9.854746e-2,-0.19133782,True
886,0.100051284,0.96188164,0.8807132,False
885,-0.25399387,0.88090944,-0.3110937,True
884,-0.12898016,6.0875654e-2,0.7697456,False
883,-0.4569658,-5.399692e-2,-0.19781613,True
882,-0.809831,0.43087816,-5.4285765e-2,True
881,0.5830414,0.95399487,0.89466524,False
880,-0.90082455,-0.8815458,-0.33826447,True
879,-0.56154835,-0.85858846,0.41578937,True
878,0.17338407,-0.96908617,0.74975145,False
877,-8.3854675e-2,-0.7518259,0.40685534,True
876,0.15020871,0.48855174,-0.3125081,False
875,-0.62233114,-0.87997603,1.1395693e-2,True
874,-0.46426606,0.90835464,-0.98841786,True
873,0.10207367,0.33608198,9.2840195e-2,False
872,-0.45780206,-0.688645,-0.90707695,True
871,-7.134533e-2,1.1776686e-3,-0.12100053,True
870,-0.35076034,-0.61347795,-0.62146235,True
869,-0.36024678,0.97050476,0.48226476,False
868,0.7061279,-0.48678946,0.7427089,False
867,-0.6384107,-0.43508482,-0.18399072,True
866,0.15749073,-0.24147129,-0.6014135,True
865,0.33228517,-0.6294955,-0.8657038,True
864,7.108605e-2,-0.29033947,-0.4722842,True
863,0.285666,0.75848365,-0.8141968,True
862,0.10849559,-0.8183552,0.33465886,False
861,0.76836324,0.5514631,0.44082236,False
860,-0.1420201,-0.5966835,0.29944336,True
859,-0.5160097,0.5939052,0.87015605,False
858,0.3831048,0.8340839,-0.9685283,True
857,0.9257028,-0.34446013,4.5520067e-2,False
856,-0.31624806,-0.16051471,-0.36748576,True
855,0.27169132,-9.853363e-3,-0.49198508,True
854,0.8945159,-0.39288414,0.9106289,False
853,-0.24248827,-0.2904935,-3.675556e-2,True
852,-0.21169019,-9.4270945e-2,0.65966904,False
851,0.96586096,-0.6719761,-7.98589e-2,False
850,-0.5250888,-0.5238434,8.292043e-2,True
849,-0.98644423,0.2962085,0.67530763,True
848,0.6268585,0.2127266,0.18694055,False
847,0.10454154,-0.13072586,-0.59735155,True
846,0.13621259,0.45239174,-0.32652628,False
845,-0.98666716,-0.2195139,-0.95083773,True
844,0.13001525,0.5483222,-0.7544491,True
843,-0.2546953,-0.55981565,0.528824,True
842,-5.5096626e-2,0.87657046,0.7440424,False
841,-8.9031816e-2,4.109168e-2,-0.87486315,True
840,-0.21792853,-0.89494157,-7.717848e-2,True
839,0.7640872,0.62340975,0.27709126,False
838,2.3541927e-2,-0.6621133,-0.46396947,True
837,2.1517515e-2,0.8726332,0.12123251,False
836,6.776285e-2,-0.42137086,0.96296096,False
835,-0.43790066,-0.55277,-0.37564707,True
834,-0.60183346,0.24450386,0.23664689,True
833,0.63801146,0.57857275,0.8635038,False
832,-0.8938291,-0.19973421,4.1350126e-2,True
831,-0.2640816,-0.8801346,0.9207834,False
830,0.92138827,-0.85910463,0.9961637,False
829,0.9841113,0.1600343,0.94900584,False
828,-0.99615526,-3.968954e-3,0.3164401,True
827,-0.41698265,0.55028296,-0.38160944,True
826,-4.827404e-2,0.20826972,0.52577794,False
825,0.7512481,-0.8406981,0.62538683,False
824,0.69490635,0.46011126,-0.998194,False
823,-0.4407289,0.13196635,0.5286366,False
822,0.31713533,-0.6955447,0.15740025,False
821,0.6983677,-0.25239182,0.5905589,False
820,-4.9985766e-2,0.15377188,0.761454,False
819,-0.5118787,0.7407681,0.99248827,False
818,0.46727765,0.9311198,-0.8244448,False
817,-0.94848967,-0.53582394,0.77648544,True
816,0.29116583,0.14788556,0.83264136,False
815,-0.5538119,0.28606904,0.9271946,False
814,0.33641303,-0.43560934,-0.57772624,True
813,-0.13003993,-0.1545322,-0.23480022,True
812,0.42047048,-0.9166765,0.95181143,False
811,-0.99123037,-0.69569063,-0.13561416,True
810,-0.14056826,0.9422023,-5.7139397e-2,False
809,-0.61267495,-7.728326e-2,-0.18604243,True
808,-9.687829e-2,9.591317e-2,0.20488226,False
807,0.24052227,-0.4951713,0.16137362,False
806,0.48697615,0.6908777,-0.24302495,False
805,-0.22632396,-4.5951366e-2,-7.006049e-3,True
804,-0.50886226,0.46401584,-0.659752,True
803,-0.33026266,0.52028835,0.32153475,False
802,0.47776842,-0.12274957,0.29440236,False
801,-0.9964982,-0.35142076,-0.80183697,True
800,-0.6411967,-0.91182923,-0.53219736,True
799,0.8283713,-0.22536504,0.55256057,False
798,-0.84585786,-0.64449966,-0.5648885,True
797,-0.8701459,-0.50891745,0.9759605,True
796,-0.63708043,0.14737225,-0.88940287,True
795,0.24003041,-0.37731934,0.98732626,False
794,-0.19898713,0.8797804,-0.82807136,True
793,-0.59734714,-2.5196195e-2,-0.7927824,True
792,-0.89171994,0.4057225,0.34278095,True
791,-0.10994005,-0.21664238,-0.97428775,True
790,-0.36474347,0.5121634,0.5699972,False
789,-0.9757725,-0.12827194,-0.18395567,True
788,-0.2918601,0.58226156,-0.6183146,True
787,0.44973874,-0.37991297,-0.92211044,True
786,-0.7367363,0.39642036,-0.17934299,True
785,-0.87081885,0.3472247,6.315851e-2,True
784,-0.21936214,-0.94162714,-0.24196172,True
783,-0.77554226,0.71704483,-7.5502515e-2,True
782,-0.9277053,-0.5630201,0.497043,True
781,0.59454465,0.4472499,-0.24052763,False
780,0.37795055,-0.37966788,-0.50121725,True
779,-0.46328175,0.95170116,0.331236,False
778,0.2894199,0.3661133,-0.848094,True
777,0.14007342,0.6203054,-0.27348232,False
776,-0.5634688,-0.6472007,-0.26557946,True
775,0.7952696,-0.7851926,0.84288955,False
774,-0.94344544,-0.3084662,0.5846704,True
773,0.39592314,0.88627625,0.99962306,False
772,-0.4429294,0.51592636,-0.4492489,True
771,-0.6027881,-0.70706034,0.42155778,True
770,-0.30316556,0.54465353,-0.83409345,True
769,0.85966,-7.132971e-2,0.5893221,False
768,0.6345898,0.15903473,6.6409945e-2,False
767,-9.1068745e-3,7.551527e-2,0.14300895,False
766,-0.8646251,-0.14894593,9.729302e-2,True
765,0.57172155,-0.7956321,0.7306932,False
764,0.15667439,-0.52052295,-0.2405088,True
763,0.45341182,-0.37784934,0.6478658,False
762,9.405613e-4,-0.6620791,0.93353343,False
761,0.13259053,0.13879871,0.8133037,False
760,0.68986714,-0.77636814,-0.27805614,False
759,-0.48166645,0.69369876,0.48318672,False
758,-0.68703306,-0.68887126,0.16045153,True
757,0.108857274,-0.10660815,-0.8313981,True
756,-1.648581e-2,-0.7829696,0.8983065,False
755,-0.5375956,2.0924091e-2,-4.706216e-2,True
754,0.5202106,0.4987601,-0.8941442,False
753,0.98413754,0.22456038,0.19033444,False
752,-0.32887423,-0.15858471,0.81085694,False
751,0.4795158,0.24363136,0.7488073,False
750,-0.437204,0.7810476,0.7944263,False
749,0.46375275,0.13277507,0.93863916,False
748,-0.75966084,0.11667156,0.29076552,True
747,0.3295201,-0.26409984,0.6116955,False
746,-0.8690566,0.61670935,0.9524884,False
745,0.5925114,-0.4933604,0.104573965,False
744,-0.88469183,-0.6702957,-0.22287989,True
743,0.35745776,-0.30292654,0.226066,False
742,-0.99787354,0.106637,0.6178889,True
741,0.516328,-0.22374511,0.976766,False
740,0.5872574,-0.66751254,7.631683e-2,False
739,0.27146614,-0.776374,0.72359157,False
738,-1.1984587e-2,-0.1786964,0.3303417,False
737,0.5056423,0.2801988,-0.22920394,False
736,8.894014e-2,0.8136623,-0.9529512,True
735,-0.42767823,-0.33519328,-0.23882067,True
734,0.6628299,-0.4169085,0.9008379,False
733,0.33195114,-0.34006238,-0.8994684,True
732,0.62605774,0.45670962,-0.20948732,False
731,8.9711905e-2,-0.7188506,-0.30305672,True
730,0.2758788,0.7314365,0.41286945,False
729,0.78026223,0.94587994,8.2929134e-2,False
728,0.2328037,0.92155135,0.94332075,False
727,-0.38456416,-0.54803014,-0.9124187,True
726,2.4717927e-2,-0.9600867,0.20153749,True
725,0.9102626,-0.9474987,-0.18955672,False
724,-0.19515848,-0.7977129,-0.41109538,True
723,-0.91461957,0.19576097,-0.996969,True
722,-0.24820375,0.28245807,6.518602e-2,True
721,-0.19471383,-0.5076002,-0.6946515,True
720,-0.49399424,-0.24311781,-0.33695793,True
719,-0.6893132,-0.8510717,-0.6025106,True
718,-0.37228668,0.8054184,0.716967,False
717,0.48256147,1.1407971e-2,-0.72650945,True
716,-0.8031224,-0.29082453,-0.6087167,True
715,0.28047383,-0.7198192,3.4989476e-2,False
714,0.42797208,8.058405e-2,-6.318295e-2,False
713,0.98694074,0.278885,0.9696562,False
712,0.1598537,-0.57488286,-0.3547554,True
711,-0.17056453,-0.21649992,-0.7710804,True
710,0.7369269,-0.89203787,-0.97980464,True
709,-0.59037185,-0.20305336,2.8440237e-2,True
708,-0.48584378,0.11161101,-0.25098097,True
707,0.18226683,-0.9230002,-0.27408838,True
706,-9.182525e-2,-0.34626424,0.6434336,False
705,-0.42324042,-0.122968554,-0.50128293,True
704,-0.49398887,0.7638744,0.8779113,False
703,-0.12943017,-9.451592e-2,-0.26943934,True
702,8.546412e-2,0.3275969,-0.90933454,True
701,0.4385221,-0.72006905,-0.5955205,True
700,-0.7482623,0.48197436,-0.82705605,True
699,0.35542083,0.6720325,0.9441047,False
698,-0.4775318,-0.37142968,-0.24099731,True
697,-0.68366194,0.67549145,-0.2516328,True
696,-0.6114863,-0.9482366,-0.7841165,True
695,-0.2726513,-0.9906862,-0.77002656,True
694,0.52100813,0.2526151,0.33278322,False
693,0.53796923,0.12068021,0.75199413,False
692,-0.86795807,0.12596536,-0.2870468,True
691,-0.14162028,-0.8464334,0.38097,True
690,-0.8015677,-0.60926616,-0.55629003,True
689,-0.9068632,0.5856801,-0.717433,True
688,0.8078228,0.32962143,0.22025812,False
687,-0.86144125,0.71257746,-0.47686112,True
686,0.7615937,-0.501734,-0.5110334,False
685,-0.26742172,0.42519152,-0.18767548,True
684,0.4541005,-0.26297748,0.34731662,False
683,-0.18792951,0.27489352,0.67435706,False
682,0.23777199,-2.4280548e-3,0.9619434,False
681,4.3848753e-3,0.8481827,-0.7942109,True
680,-0.74973834,-0.38981235,0.93897104,True
679,0.7971369,0.45876038,0.45423067,False
678,0.32726955,0.114446044,0.92465687,False
677,0.7748594,0.8301265,-0.7579082,False
676,0.13037992,-0.13174403,0.6190703,False
675,0.562114,-8.829796e-2,0.51809585,False
674,-0.61511195,-0.7510102,9.9943995e-2,True
673,0.728364,0.86869645,0.4992845,False
672,-0.7327759,0.23242271,0.7361373,True
671,0.41829205,-0.9621043,4.2851806e-2,False
670,0.38101387,-0.24713254,-0.6413528,True
669,0.85184526,-2.3472786e-2,-0.9064919,False
668,-0.8803022,0.15967798,-0.30857456,True
667,-0.31720543,-0.4606762,-0.8076935,True
666,-0.6034684,-7.5562e-3,-0.20514178,True
665,0.704988,-0.45502138,-0.9585358,True
664,0.9207536,-0.3842448,-0.19905639,False
663,-8.588064e-2,-0.32549143,0.26416063,False
662,0.96207654,-0.71503067,0.5642916,False
661,0.34693396,-0.6080402,0.44553196,False
660,-7.461572e-2,0.2760979,0.98422027,False
659,0.24408245,-0.41320395,0.6421788,False
658,-0.89370286,0.73813796,-0.25295687,True
657,-0.13509691,-0.53065014,0.8235359,False
656,0.9239533,-0.50195444,0.68020403,False
655,-0.79129064,0.23777711,-0.93392336,True
654,0.4052192,-5.8394074e-2,0.9494176,False
653,0.13812983,-0.91869473,7.557309e-2,True
652,0.12805605,-0.6860496,9.046626e-2,True
651,-0.62879,-0.45508754,-0.3989179,True
650,-0.3902706,-0.46333134,-0.25933337,True
649,2.4905086e-2,-0.8120035,-0.5320238,True
648,-0.8750763,0.34401917,0.85160637,True
647,0.95012736,0.39279997,0.7054359,False
646,1.647675e-2,0.40631092,-0.5213444,True
645,0.6709405,0.6748979,3.8370013e-2,False
644,-7.948375e-2,-0.40226376,0.9106927,False
643,-0.21267378,-1.5505314e-2,0.4932536,False
642,0.17099106,-0.48628175,8.87537e-2,False
641,-0.9603119,-0.8306699,0.75191104,True
640,-0.7964723,-0.85755277,0.8378973,True
639,-0.5293864,0.21939659,0.49663568,True
638,0.92044723,-0.8887985,-0.46428287,False
637,-0.58088493,-4.2319298e-4,0.34292912,True
636,5.5681348e-2,0.33343625,-0.5457394,True
635,-0.29603493,0.23093736,-0.16199517,True
634,0.6814246,0.45744443,-0.20379937,False
633,-0.6027522,-0.5182787,0.42956161,True
632,0.1610719,-0.8377832,0.6933991,False
631,0.1993109,0.7876785,-0.6042502,False
630,0.99094427,0.8525872,-0.43839204,False
629,-0.6719713,0.35744917,-0.89324856,True
628,-0.6041182,-0.35495222,0.2190888,True
627,0.35334265,0.7568517,0.6711632,False
626,0.25501478,5.7014942e-2,-0.7323431,True
625,0.7769669,0.19990599,0.28916895,False
624,-0.8400748,0.40296984,-0.61378264,True
623,-0.1279819,-0.9744452,0.8747885,False
622,-0.106868625,-0.8229544,-0.36293638,True
621,0.36913538,0.34325075,-0.94336987,True
620,-0.8358208,0.2850411,-0.7264224,True
619,-0.9676198,-0.92714953,-0.7088965,True
618,-0.7113373,0.5558126,-0.30249786,True
617,-0.12598312,-0.53159773,0.6557137,False
616,0.100622416,-0.3587289,-0.83119047,True
615,0.7727715,-0.6606759,0.18390024,False
614,0.24372363,0.45786142,-0.23522186,False
613,0.7345667,0.20693779,0.5932747,False
612,-0.9293474,0.68747663,0.3347838,True
611,-0.77416503,-0.79609704,0.78004575,True
610,-0.3938408,-0.25213134,-0.87771,True
609,0.31569135,0.21094823,-0.22611535,False
608,0.8934307,0.36855435,-0.34577394,False
607,1.0452867e-2,-0.64957356,1.6758442e-2,True
606,-0.5159738,-0.9752711,0.7876022,True
605,-0.69010806,-0.4123839,-0.9776261,True
604,0.46375453,-0.18750751,0.53429556,False
603,-0.9218838,-0.15312982,0.54376876,True
602,-0.6592282,-0.4726895,0.8014753,True
601,0.28348982,0.6513039,0.35146856,False
600,0.65249705,3.4077644e-2,-0.85992336,True
599,-0.26321018,0.3670268,-0.11314356,True
598,-5.283618e-2,-0.23360062,-0.78999865,True
597,0.214409,0.62830055,-0.9055698,True
596,-0.6026211,0.54555845,-0.25680304,True
595,-0.61481035,-0.17575848,0.8297312,True
594,0.53009987,0.5833669,9.104967e-3,False
593,0.14243197,-0.65132725,0.5605409,False
592,-0.4950509,-0.5534389,-0.5717664,True
591,0.30515063,0.8109572,-0.81416047,True
590,-0.55177927,-6.473255e-2,-0.43445134,True
589,-0.5172576,0.34262574,0.17278063,True
588,0.73918617,0.7535416,0.59229696,False
587,0.6571635,-0.15434253,0.8966397,False
586,-0.27682722,4.7501445e-2,0.5920062,False
585,-0.21035028,0.7756225,-0.8580352,True
584,0.76395094,0.7992258,-0.946486,False
583,-6.528926e-2,-0.43092,-0.33684015,True
582,0.29332185,0.56861293,-0.8446176,True
581,-0.16549683,-0.13293183,-0.6933912,True
580,-0.13269937,0.8535756,0.97002983,False
579,-0.6192032,-0.6619586,-0.37195337,True
578,-0.32645428,-0.76190305,0.5441091,True
577,-0.9853625,-0.14831972,0.6862577,True
576,0.32041442,-9.294522e-2,-0.23192263,False
575,-0.48991728,0.50959206,0.8444971,False
574,0.49239528,-0.1289742,0.36635244,False
573,0.88228655,-0.6167487,7.3982954e-2,False
572,-0.91423273,-0.2983898,0.35158682,True
571,0.53692925,-0.5910454,0.98279536,False
570,0.9076282,6.622815e-2,0.11881518,False
569,-0.3807552,0.40247154,0.43054557,False
568,0.97667146,-0.8012128,0.31346393,False
567,0.89316237,-0.8302076,0.7421925,False
566,0.583424,-0.90933573,-0.731493,True
565,-0.92397606,0.8216679,0.43320608,True
564,7.099068e-2,0.68371093,-0.31431723,False
563,0.8387779,0.5172019,0.43392706,False
562,0.99362767,0.46864057,-0.103865266,False
561,0.10437989,0.491495,-0.74343824,True
560,0.62673974,-0.6496798,0.3434862,False
559,0.6235359,0.5209266,0.9272717,False
558,0.5516046,0.9669548,0.3428824,False
557,-0.31922102,0.4878707,-0.43965697,True
556,0.12624025,0.2188276,0.5003022,False
555,-4.989338e-2,0.25118887,0.67288864,False
554,0.7782419,-0.94087243,-0.18804002,False
553,-0.9173124,-0.25746214,0.18117464,True
552,0.68083274,4.4139385e-2,0.83243906,False
551,-0.2846279,-0.62220883,-5.220592e-2,True
550,-0.51135445,0.61960554,-0.54527664,True
549,0.8874357,-0.5526396,9.862971e-2,False
548,-0.50745213,0.33700216,0.8731955,False
547,0.15855908,-0.226645,0.4233687,False
546,0.22972643,0.8367562,-0.659292,False
545,-0.58249724,0.6441424,0.78568614,False
544,0.7687558,4.848969e-2,-0.53450644,False
543,0.42379224,-0.37736714,0.61518645,False
542,-0.9913057,0.9233763,0.62460566,True
541,0.37770367,0.6279745,0.4475634,False
540,-0.98532546,0.22834933,0.94505405,True
539,0.8199825,0.81281984,-0.30472922,False
538,0.2569567,-0.56996703,0.94865036,False
537,-6.3447714e-2,5.0145864e-2,-0.108448386,True
536,-2.5783539e-2,-0.9342203,0.51709795,False
535,-0.22404957,0.40328097,0.5095675,False
534,-0.26948333,0.5669476,-0.58824813,True
533,3.7392497e-2,0.7520982,0.7286544,False
532,5.364597e-2,0.33109593,-0.40645742,True
531,0.89225733,-0.1227175,0.82240844,False
530,0.2567041,-0.11803281,-0.48006797,True
529,0.8331183,-0.7237934,-0.7301825,True
528,-6.1277986e-2,0.21097803,0.9334929,False
527,-0.5140028,0.62621784,-0.4348656,True
526,-0.70949984,0.5350982,-0.8105577,True
525,-0.14497519,0.29847538,0.29600716,False
524,-0.5956912,-0.76175,-0.30839396,True
523,0.4468063,-0.38905406,-0.8399601,True
522,-0.26560128,0.17478192,-0.76208997,True
521,-0.22409642,0.48166502,-0.29885304,True
520,0.9010246,0.74950767,-0.54954636,False
519,0.8547486,-0.6152159,-0.16755271,False
518,-0.8264648,-0.14343381,-0.91057944,True
517,0.3058102,0.92895365,0.85299766,False
516,0.8698242,-0.7582047,1.4441609e-2,False
515,-0.48817778,-6.470394e-2,0.26664424,True
514,-0.57436323,-0.60673285,4.6470642e-2,True
513,-0.8033974,-0.6828122,8.3919406e-2,True
512,0.156268,-0.3916886,0.57751,False
511,-0.7984804,0.8566462,-0.97479534,True
510,-0.31927586,-0.69529164,-0.9435996,True
509,0.6927843,0.18589771,8.830035e-2,False
508,0.6578791,0.86908615,6.0986042e-2,False
507,-0.21580696,-0.7002796,-0.34835982,True
506,-0.38031304,-0.9826547,-0.8309115,True
505,-0.4926895,0.21376133,0.131814,True
504,0.6631688,-0.45028806,-0.54309106,False
503,0.44144225,1.7342567e-3,-0.30639458,False
502,0.35508513,0.99546504,-0.30731475,False
501,0.38516974,0.439857,-0.3937229,False
500,-0.6734452,1.6270638e-2,-0.24633789,True
499,-0.74406826,-0.113229394,-0.39055955,True
498,-0.474648,-0.9712162,0.76523983,True
497,-0.50933254,0.8136964,-0.45037806,True
496,-0.61774886,0.11970031,-0.8265574,True
495,-0.35514462,-4.4796824e-2,-0.34555817,True
494,-0.9081422,7.768619e-2,0.7361332,True
493,0.58092964,-0.5190762,0.30739224,False
492,-0.25234056,0.16844308,-9.115934e-2,True
491,-0.63170445,0.10833311,0.82940495,False
490,-0.24458253,0.21179032,0.6996101,False
489,0.25378406,0.22741902,0.5197339,False
488,-0.45401466,0.9566785,-0.5377537,True
487,0.46518326,0.9749919,0.47440207,False
486,-0.1774211,-0.73056316,0.17077386,True
485,0.6850344,-0.8857454,-0.35636294,False
484,-0.88081574,-0.989831,0.38158202,True
483,0.9871218,1.8778801e-2,-0.64820886,False
482,7.227743e-2,6.177509e-2,0.783141,False
481,-0.25905716,2.3599863e-3,2.3681283e-2,True
480,-0.58270216,0.53763306,-0.86631274,True
479,-0.23591483,-3.010583e-2,-0.55191934,True
478,0.8247099,0.78372145,-0.97803533,False
477,0.19028473,-0.27853513,-0.24426973,True
476,-0.4394492,-0.25725996,-3.820181e-2,True
475,-0.70186067,2.528119e-2,-9.7950816e-2,True
474,0.73862314,-0.90701306,0.10391593,False
473,0.5976757,4.4943213e-2,-0.5856788,False
472,0.8989389,-0.5893419,-0.7308012,False
471,-0.73301065,0.3944919,0.4696808,True
470,0.90631306,0.6419375,-0.8853016,False
469,0.1775614,5.441475e-2,0.40180063,False
468,-0.6225858,-5.4182053e-2,-0.5079366,True
467,0.8790771,-0.8065325,-0.84814584,True
466,0.30338824,0.7191335,0.79686034,False
465,-0.7574053,-0.20710373,-0.9640653,True
464,0.43013728,-0.65386176,-5.3898096e-3,False
463,-0.7183168,0.7211243,-9.510839e-2,True
462,0.4911809,0.27291954,-0.23818815,False
461,0.8763379,0.4255563,-0.5025673,False
460,0.7201631,0.6240758,6.903362e-2,False
459,-0.5957768,0.38654125,-0.9748075,True
458,0.4287721,-0.19250214,-0.8534993,True
457,0.94289863,0.89934933,0.37898767,False
456,0.4672103,-0.16196752,-0.9067651,True
455,-0.6589519,0.98028135,-0.29609454,True
454,0.4162444,0.2719593,-0.8713447,True
453,0.74590456,0.8034378,-0.72318876,False
452,-0.12226498,0.96498597,-0.2463944,False
451,0.6096182,1.6305327e-2,-0.3814143,False
450,-0.9213785,0.28608084,-0.69355524,True
449,-0.767462,-2.2674441e-2,0.16141307,True
448,0.80077255,0.65087914,-0.54825723,False
447,0.84802043,-0.3509339,-0.9985932,True
446,-0.17331886,-0.55259037,-0.49596167,True
445,0.9731058,-0.8091234,0.15337539,False
444,-0.41624022,-0.30601716,-0.7318634,True
443,-0.6474469,0.6241199,0.4265809,True
442,0.7670984,0.13519955,0.7712375,False
441,-0.7242024,0.21277297,-0.94522023,True
440,-4.6001434e-2,-2.9509187e-2,0.37814105,False
439,0.9116032,0.69159997,-0.21453238,False
438,-0.6029558,0.14745605,0.60657775,True
437,-2.964747e-2,-0.17091167,-7.2325826e-2,True
436,0.8076823,-0.93708885,-8.297813e-2,False
435,-0.37386155,-0.48373032,0.7402575,False
434,0.96382606,0.40391946,0.5641217,False
433,0.6127095,-0.37018597,3.95329e-2,False
432,-0.5886843,0.68230057,-6.778252e-2,True
431,-0.106660604,0.417616,-0.1954639,True
430,0.26073205,0.7547103,0.71119857,False
429,0.59568036,-0.25238144,0.1630305,False
428,-0.96168566,-0.68766737,-0.94482934,True
427,0.800704,0.38092792,-0.4295678,False
426,-2.8645515e-2,-0.8478544,-0.12444341,True
425,-0.69874275,4.1334152e-2,-0.9658935,True
424,0.32323885,0.89049375,-0.66907465,False
423,0.5112952,-0.83108807,-0.32101166,True
422,0.28467953,-0.6781658,-0.3568952,True
421,-0.58173,-0.7381425,0.1755333,True
420,-2.8571129e-2,0.857468,-0.49288464,True
419,0.58328676,-0.60518885,-0.6019031,True
418,-0.96741056,-0.10118973,-0.52327216,True
417,-0.31876063,0.20708215,-0.18151009,True
416,-0.3923334,0.22773004,-0.43795574,True
415,0.42979681,-0.31122136,-0.34910655,False
414,-0.48770797,0.8541193,0.86626816,False
413,0.21072984,0.5267463,0.61684394,False
412,0.12712026,0.927588,-0.570971,False
411,8.690679e-2,0.81432676,-0.16472292,False
410,-0.62582695,0.9146191,-0.9132558,True
409,-0.5985919,0.97226095,5.320096e-2,True
408,-0.21059954,-0.3744278,0.84635806,False
407,-0.41084242,0.28213274,-1.16961e-2,True
406,-6.377244e-2,0.8459641,0.53206205,False
405,2.2622108e-2,0.22538173,-0.8836808,True
404,0.7850243,0.92089283,0.793471,False
403,0.77973807,0.5459684,0.40279663,False
402,0.8652841,-0.49308407,-0.44977605,False
401,-0.45626068,-8.970559e-2,-0.45133412,True
400,-0.6415905,0.7857505,0.5591136,False
399,-0.71836984,-0.7329284,-2.0830393e-2,True
398,-7.490635e-3,0.67242146,0.28573823,False
397,0.18182182,-0.72680926,0.988353,False
396,-0.5407467,-0.6759424,0.3559928,True
395,0.108160496,0.46656132,-0.1743437,False
394,-0.55256045,-0.98801744,0.9835179,True
393,0.39036775,0.18823111,0.61803615,False
392,0.292408,0.57824564,0.66245604,False
391,0.5707332,1.489532e-2,-0.27416122,False
390,-0.30671096,7.122779e-2,-0.4061706,True
389,-0.6003909,-0.67053306,0.836159,True
388,0.9493295,0.12810183,-0.93294513,False
387,-0.11733067,-0.62712204,-0.44898212,True
386,-0.65303946,-0.20187378,-0.95510006,True
385,-0.44622493,-0.60137975,-0.39048696,True
384,0.905017,-0.8212466,0.93479323,False
383,-7.496941e-2,0.16312706,0.6332252,False
382,-0.75979054,0.7392278,0.30289793,True
381,0.13132453,-0.78045297,0.4169724,False
380,-0.7608104,-9.293866e-2,-0.64278674,True
379,0.43954206,-0.929824,-0.13144922,True
378,-0.10958958,-5.971062e-2,-0.6085211,True
377,-0.3049345,-0.34067392,7.998443e-2,True
376,0.9009397,0.12590897,0.8954425,False
375,-0.70464706,0.86303806,-0.6566174,True
374,-0.90182257,-0.42660296,1.02443695e-2,True
373,-0.2690003,-0.19731271,-0.22053969,True
372,-0.28829563,0.4503535,-0.25556147,True
371,3.7704825e-2,0.77203894,-2.4561763e-2,False
370,-0.42740023,0.74031115,-0.29865038,True
369,9.758556e-2,0.5568782,0.3141755,False
368,0.81894505,-0.8416288,-0.60980856,False
367,-0.24652338,0.9668627,0.29783106,False
366,0.42280102,6.5508485e-2,-0.22429013,False
365,0.1909684,-0.5756725,5.569887e-2,False
364,-0.12177324,0.23684561,0.40726864,False
363,0.27909887,-0.7077998,0.41909075,False
362,0.11701691,-0.94299114,0.7659726,False
361,0.43506622,-0.62991977,-0.87562346,True
360,0.6849655,4.326105e-2,6.660724e-2,False
359,0.8443427,-0.6576381,0.49814487,False
358,0.7541982,-0.49272943,0.26273894,False
357,9.540796e-2,2.4711132e-2,0.9119183,False
356,0.3150475,-0.58065975,8.111286e-2,False
355,-0.45767176,-0.47021866,-0.7458061,True
354,-0.92403126,8.588731e-2,-0.13721561,True
353,-0.98534715,-0.44603813,-0.23434961,True
352,-0.10502696,-5.0180078e-2,0.6095997,False
351,0.2382698,-0.5102105,0.4897076,False
350,0.1978327,-0.20849943,0.16036165,False
349,0.69484484,0.3333441,-0.6333312,False
348,0.6547638,-0.95924485,0.86524475,False
347,0.8437028,0.44691885,-0.41789937,False
346,-0.32428026,-0.6294675,0.9949924,False
345,-0.4618361,8.74275e-2,-0.6883836,True
344,0.41906738,-2.8892756e-3,-0.20701122,False
343,-0.7517755,-0.3367195,-4.7055364e-2,True
342,-0.20328581,0.8274107,-0.19111896,True
341,-0.6013303,-7.8354955e-2,1.56641e-2,True
340,4.741609e-2,-0.33150208,-0.29979205,True
339,-0.10582328,0.7259339,0.98166,False
338,-9.077799e-2,0.77407897,-0.507496,True
337,-0.34671712,-0.37073386,0.3899132,True
336,0.9386338,-0.20629609,-0.7247746,False
335,0.35439074,-0.8597841,-0.70515907,True
334,0.71989226,-0.6488037,0.40477645,False
333,6.811178e-2,-0.66133046,-0.52341104,True
332,-0.55372703,0.9963763,-0.56719565,True
331,-0.81399214,-8.519173e-3,-0.18988287,True
330,-0.45466602,-0.3098234,-0.71052897,True
329,-0.56872416,0.76799536,4.8920274e-2,True
328,0.10911572,0.6428137,0.64895177,False
327,-0.8381554,0.88832426,0.18261552,True
326,0.5231706,0.63215315,0.6085448,False
325,-0.3778522,0.778239,-0.6001916,True
324,0.7540138,0.6764287,0.60520923,False
323,0.92073274,2.7687907e-2,0.37329757,False
322,0.722245,-0.8466704,0.66269064,False
321,-0.90821636,0.6707666,-0.87161696,True
320,0.3811456,-0.323588,-0.4102074,True
319,-0.6120719,-0.80737305,7.931709e-3,True
318,0.25989032,-0.27407217,-0.44576514,True
317,-0.4539634,-9.694791e-2,0.18687868,True
316,-0.8992131,-6.986952e-2,-0.7899544,True
315,0.80477154,-0.32890618,0.9006102,False
314,0.72439945,-0.11027396,-0.99762714,True
313,8.9134574e-2,0.18288183,-0.99264395,True
312,0.82929087,-0.79592323,0.15971422,False
311,0.2583791,0.4652748,0.8562207,False
310,-0.43518245,-0.3797468,-0.26928997,True
309,-0.43176687,-0.50151956,-0.95869434,True
308,0.86696815,0.36793232,-0.74137807,False
307,0.7063565,-0.11336112,0.5037439,False
306,-0.781234,-0.6344187,0.32424462,True
305,-0.3117802,0.4001609,-0.32834005,True
304,0.9778855,-0.5108385,-0.44351566,False
303,7.221174e-2,0.846962,-0.5672182,True
302,-0.19427478,-0.5223377,0.66581047,False
301,0.4153589,0.8504901,-0.3357638,False
300,0.3910576,0.28539705,0.4860052,False
299,5.975306e-2,-0.1595434,0.9571712,False
298,0.6872988,-0.20784473,-0.42694306,False
297,0.72335684,0.77789485,-0.62422085,False
296,3.5420656e-3,-0.74546874,-0.85123885,True
295,0.17525148,0.41492343,-0.2791114,False
294,-0.7735318,7.667494e-2,-0.57645774,True
293,-0.7213402,-0.993219,0.8670263,True
292,0.15881634,-0.3745036,0.9112483,False
291,-0.15787113,-3.467989e-2,0.5177152,False
290,0.64431334,-0.8395302,0.6756935,False
289,0.95962894,0.86595905,-0.8210031,False
288,0.98613644,0.28548396,7.818937e-3,False
287,-0.9702933,0.7930757,-0.9856937,True
286,0.595026,0.88545156,-0.8522419,False
285,0.7263218,-0.735464,-6.652236e-3,False
284,-0.9137763,0.99221814,0.91262245,False
283,0.3289318,-0.5556716,-0.40705407,True
282,0.5166713,-0.38618517,-0.8805454,True
281,-0.3653109,0.48064375,0.5683001,False
280,-3.0616403e-2,0.18472993,0.78475213,False
279,0.1232692,-0.43896294,0.7702807,False
278,0.3619703,9.716523e-2,-0.25815153,False
277,4.2718172e-2,-0.77853847,0.67289865,False
276,-0.4927323,0.3346039,1.2289286e-3,True
275,-0.45912123,-0.22836089,-0.65178466,True
274,0.9711211,5.434096e-2,0.2826327,False
273,-0.9101534,0.17855477,0.7598872,True
272,-0.113984704,-0.6316954,-0.43933284,True
271,1.7669082e-2,-0.6039041,-0.98158836,True
270,-0.39432955,0.7307466,-0.7394593,True
269,-4.8879743e-2,-0.12427366,0.4387504,False
268,0.5130441,-0.6292987,5.706191e-2,False
267,-0.64898455,-0.35789728,0.55769753,True
266,-6.844902e-2,-0.9129238,-0.23411298,True
265,0.958964,0.22190034,-0.8203552,False
264,-7.0892334e-2,-0.807276,-8.3577156e-2,True
263,0.23260891,0.58078504,-1.8832803e-2,False
262,-0.5934913,0.8924036,-0.13913918,True
261,5.0973535e-2,-3.323579e-2,-0.74056196,True
260,-0.40609336,3.9432406e-2,3.7504435e-2,True
259,0.6903858,0.8740423,0.2844137,False
258,-0.49917495,0.2834432,-6.811488e-2,True
257,0.420743,-3.9340734e-2,0.31494653,False
256,0.36196458,0.87357986,0.29003072,False
255,1.5957594e-2,-0.8232585,0.7022822,False
254,0.6096957,-0.94651043,0.76620054,False
253,0.31468272,0.24580824,-0.6112902,True
252,-0.24592161,-0.6341437,-0.33513355,True
251,0.944548,-0.22830236,0.9920933,False
250,0.17593443,-0.14389074,-0.9433116,True
249,-0.17974973,0.37963343,0.8730447,False
248,-0.27227354,0.18791544,-0.6437329,True
247,0.81532395,-7.503104e-2,0.9688326,False
246,0.3342588,0.84870017,0.4811058,False
245,0.26044834,-0.21299982,0.56282127,False
244,0.65084267,-0.2950554,0.92433846,False
243,-0.43859398,-0.25248468,-0.4099958,True
242,0.53556573,-0.2615192,-0.96030974,True
241,-0.39566445,-0.48543537,-0.79018724,True
240,-0.123114705,0.106086016,-0.86035705,True
239,-0.7691364,0.24231088,-0.27316058,True
238,0.16442204,0.49731076,0.1487521,False
237,0.12114763,0.8243296,-0.5737802,True
236,0.36699045,-0.34575105,0.19147694,False
235,-0.7479489,-8.826029e-2,-0.73538435,True
234,-0.5748261,0.7215712,-0.28990984,True
233,0.25815177,3.4241438e-2,0.44785106,False
232,-0.93775463,-0.19058192,0.67489994,True
231,0.3081144,-0.25247514,-0.23709464,False
230,8.85303e-2,0.88887274,0.6204821,False
229,0.6946322,-0.25042427,-5.5547357e-2,False
228,0.37591314,0.986325,0.7373502,False
227,-0.7532095,0.6806108,-0.5389408,True
226,-0.4296981,8.926904e-2,0.9498813,False
225,-0.25216317,0.9149575,-0.5853739,True
224,0.76875925,3.1096816e-2,-0.40665686,False
223,0.6303928,-0.74634755,-0.9613259,True
222,0.13562226,-0.14283717,9.023607e-2,False
221,0.65336215,0.3754902,0.52792084,False
220,0.20674896,0.26517916,0.61927164,False
219,0.853271,7.1917176e-2,-0.11814809,False
218,0.7728412,0.66537464,0.64899087,False
217,-0.5604454,0.6147163,-0.14637637,True
216,-3.733909e-2,-0.55766106,-0.8559339,True
215,-0.24946034,-0.49862146,0.6941345,False
214,0.60660744,3.99822e-2,0.4807651,False
213,0.35476494,8.202624e-2,-0.74202895,True
212,-0.67164254,-0.41858983,-0.5699091,True
211,0.19537258,-0.27381456,-0.9388161,True
210,0.84021854,0.41855967,-0.3139844,False
209,-0.15164816,-0.493981,-0.5484941,True
208,0.94955516,0.71591043,7.6598644e-2,False
207,0.82128704,0.8352865,-0.32847977,False
206,0.4133166,-0.55410373,-0.72925687,True
205,0.8222635,0.9009781,-0.98235273,False
204,-0.55591357,0.5869,-0.13486886,True
203,-0.66981316,-0.9841728,0.8379011,True
202,0.3201232,-0.98085046,-0.95422673,True
201,-0.2617874,-0.3970449,0.46109128,True
200,-0.94913244,-0.21502888,0.5717534,True
199,-0.72963893,0.6174263,-0.59339094,True
198,-0.1531539,-0.33235395,-0.4063412,True
197,0.31343162,0.6043333,0.7038206,False
196,-0.3936472,-0.74026024,0.22226596,True
195,-0.1346792,0.5992513,0.28633463,False
194,0.76286745,3.7948012e-2,-0.55233395,False
193,0.981807,-0.96989405,-0.6703633,False
192,-0.23046207,-0.6134937,0.111689806,True
191,0.9198353,-0.81837595,0.11636758,False
190,0.49642873,-0.38875163,-0.8423343,True
189,-0.44458997,-0.7207606,-0.6645875,True
188,-0.3391974,0.33962214,0.85415184,False
187,-1.8876791e-2,-0.8142159,-0.5288569,True
186,0.5558156,-3.7738085e-3,-0.12704587,False
185,0.37641144,-0.13486588,-0.94442856,True
184,0.672791,0.3867327,-0.2870382,False
183,-0.70853686,-0.7845572,0.25483644,True
182,-0.5479336,-0.2993158,-0.57706916,True
181,0.6196952,0.8715857,1.2336135e-2,False
180,-0.22359753,0.25646722,-0.9404863,True
179,0.7396164,-0.2711109,0.2073437,False
178,4.7177076e-3,0.4984094,-0.59937537,True
177,0.20745039,0.14746499,-0.4946612,True
176,0.36409795,-0.19197416,0.16818392,False
175,-0.13380349,-0.78776777,0.5696182,False
174,-0.58346593,-0.17361283,0.9911709,False
173,-0.25830173,0.5882391,0.7269721,False
172,0.5959251,-0.65214694,-0.34476554,False
171,0.51026785,-0.56111085,0.26583278,False
170,0.6112733,0.8791928,0.50807524,False
169,0.4977386,0.76303065,-0.7764466,False
168,0.34218705,-0.7828932,4.8719764e-2,False
167,-0.7490635,1.3472199e-2,0.7380388,True
166,-0.5822383,-4.1657686e-2,-0.5388652,True
165,-1.7404437e-2,0.69960725,-0.9711517,True
164,0.89459455,-0.6380583,0.739025,False
163,-0.60388875,0.25479293,0.23250711,True
162,-0.6125852,0.6710936,9.708071e-2,True
161,-0.43418133,-0.8427738,-0.83461285,True
160,-0.23266554,0.61273456,-0.9554901,True
159,-0.8612598,-0.895185,0.32081628,True
158,8.518207e-2,-0.39973557,-0.49040794,True
157,0.74145615,-0.21778846,-0.6276039,False
156,2.225995e-2,0.64216566,-0.1541282,False
155,0.49223137,0.95029724,0.83167374,False
154,0.4537109,0.4641657,0.20717704,False
153,0.11798465,-0.5910269,0.11151838,True
152,0.8766031,0.272287,-0.92265356,False
151,-0.49515033,-0.55274117,-0.61688364,True
150,-0.9779148,-0.43088746,-0.59783864,True
149,-0.79238474,0.9965904,-0.6287658,True
148,-0.9109349,-0.56540537,0.8206724,True
147,0.29263866,-0.87050426,-0.32614493,True
146,0.40209615,0.11119592,0.4188478,False
145,-0.5254046,0.5678959,-0.9795711,True
144,9.596348e-2,-0.292876,-0.2945223,True
143,0.5277324,-0.5076053,-0.6465417,True
142,0.3294978,-0.16827655,0.13281345,False
141,-0.58479524,-0.60702896,0.15056956,True
140,-0.28339612,-0.26838887,0.6583117,False
139,-0.19499886,-0.3867451,0.5969571,False
138,-8.531368e-2,0.32227874,-0.5352961,True
137,0.84228814,0.38478196,0.104837775,False
136,-8.390486e-2,0.40707958,-0.25658607,True
135,0.31613624,0.7220466,-0.7256658,False
134,0.17776763,-0.1578753,-0.24547255,True
133,0.78262985,-0.15965533,-0.634621,False
132,4.792106e-2,-0.21492183,-0.7417495,True
131,-0.22449112,-0.34847343,-0.16557682,True
130,-0.30623865,-0.4949813,0.16710794,True
129,0.6453414,0.97008586,-0.16631722,False
128,-0.73509896,-3.4424663e-2,6.9022894e-2,True
127,-0.3692838,0.21116328,-0.8216301,True
126,0.2813648,-0.60879636,-0.914958,True
125,-0.68720996,-0.21335971,0.4866805,True
124,-0.5156481,-0.8035135,-0.8901974,True
123,-5.574596e-2,-0.40706217,0.54532444,False
122,0.87907827,-0.97912705,-6.564605e-2,False
121,-0.24356544,-0.13852859,-0.22224748,True
120,-0.5230973,0.2397021,0.23180425,True
119,0.31903744,0.75343037,0.66156113,False
118,-0.34019625,-0.7727306,0.6099498,True
117,-0.36549664,-0.76161313,-6.1408997e-2,True
116,0.44539046,0.59819627,0.44313347,False
115,0.5423919,-0.28917575,0.6389667,False
114,-0.886971,-0.5610151,-0.9740932,True
113,0.7062297,0.36650193,0.6061199,False
112,-0.15066218,0.56205845,-0.91246676,True
111,-0.54653525,-0.59873915,-0.8816384,True
110,0.15118432,0.86343646,-0.9489318,True
109,5.5051923e-2,0.13938236,-0.87069345,True
108,0.92303336,-0.8923557,0.37234783,False
107,-0.30946743,0.54295135,-0.9767499,True
106,0.70525575,0.7950587,-0.5591587,False
105,0.41465044,-0.6371566,-0.55550885,True
104,0.8853327,0.7136123,4.916644e-2,False
103,-0.99136174,0.3777511,-0.8573909,True
102,0.3359897,-0.30601978,-0.35081673,True
101,-0.32513094,0.14193618,0.7845061,False
100,0.60723484,0.8285866,-0.8320434,False
99,-0.9292245,-0.6137512,-0.20214117,True
98,0.45060825,-0.55631435,0.16488516,False
97,-0.42544687,-0.5405208,-0.5394784,True
96,0.11789167,-0.49292088,0.9276476,False
95,7.8728914e-2,0.310166,0.66473615,False
94,0.4915899,0.57094526,-0.48108125,False
93,-0.17876494,0.19802523,0.64806473,False
92,1.582861e-2,1.8730164e-2,-0.41951978,True
91,0.22474277,-0.12910485,0.4289385,False
90,-0.52669585,0.5212858,-4.7839046e-2,True
89,-0.4544574,0.7877083,-0.8609474,True
88,-9.624374e-2,7.8011036e-2,0.66813254,False
87,0.7624079,-0.98300445,-0.8793125,True
86,0.3364228,0.673159,9.988034e-2,False
85,-0.3174225,-0.7973137,-0.825421,True
84,0.27607942,-3.2247424e-2,-5.448699e-3,False
83,-5.8722496e-4,0.3832271,0.39916873,False
82,-0.554477,-0.84113646,0.53779924,True
81,0.32274747,0.48013318,-0.61156154,False
80,0.6548202,-0.25402308,-5.15424e-2,False
79,-0.9235563,-8.328259e-2,-0.12188566,True
78,0.23390973,0.3309151,-0.7137562,True
77,0.6295719,-0.13899648,-6.7941785e-2,False
76,0.8497852,0.26171875,-0.18260121,False
75,-7.9954505e-2,0.64018047,-0.6862997,True
74,-0.5209366,0.49910927,-0.25944912,True
73,7.372749e-2,0.5546441,0.38613677,False
72,0.56039035,-0.3051443,-0.29799795,False
71,-0.925218,-0.28112972,0.6876502,True
70,0.7843472,2.6903033e-2,0.25670266,False
69,-6.9135666e-2,1.4728069e-2,-0.5894407,True
68,0.48673654,-0.3584429,-0.21619701,False
67,-0.515434,-0.60349274,-0.2114774,True
66,0.53659666,-0.6966256,-0.35196078,False
65,-0.42765355,0.5204482,0.9507458,False
64,-0.4219402,-0.5822141,0.49491286,True
63,6.637657e-2,0.42976165,-0.33770478,True
62,0.34425712,0.17329669,-3.2490492e-2,False
61,-0.24274385,0.21033895,0.46437013,False
60,0.40381992,0.16573536,-0.1764282,False
59,0.3163029,-0.52857375,8.75721e-2,False
58,0.5152371,-0.4698727,0.37585247,False
57,-0.58862674,6.730735e-2,-0.58813107,True
56,0.6443566,-0.7428528,-0.85698414,True
55,-0.9223232,-0.7144408,0.121967554,True
54,-0.40804636,0.46067727,0.70502806,False
53,-0.85548174,0.81879234,0.46381903,True
52,-0.551178,-0.5524318,-0.7429315,True
51,0.83171177,0.8061819,6.5674305e-2,False
50,0.3106929,0.3498571,-0.53817403,False
49,0.80558395,0.7792684,-0.10940504,False
48,-0.26014173,-0.2836454,-0.39720976,True
47,0.5496669,-5.1674485e-2,0.5552988,False
46,-0.69054675,-0.42939615,-0.9908366,True
45,-0.9416405,0.32137227,0.34773242,True
44,9.869385e-2,0.9974294,-0.3011006,False
43,0.30723536,0.49490213,-9.392679e-2,False
42,0.9117825,-0.3958776,0.66610587,False
41,0.48774707,-0.76732695,0.72679985,False
40,0.7802572,0.6586751,0.6097996,False
39,0.23655975,-0.97392654,0.85711884,False
38,7.969952e-2,-0.22428429,-0.7399361,True
37,-0.2247318,-0.5808437,-0.7080622,True
36,0.93811333,0.7602403,0.44094062,False
35,0.24711788,-0.89329064,-0.587873,True
34,0.6171309,0.22348893,6.619787e-2,False
33,0.3911147,-0.28170824,0.27598536,False
32,0.76465666,-0.80838454,-0.6856679,True
31,-0.8314953,0.6644405,-0.33941817,True
30,-0.12702346,-0.16263342,-0.15763283,True
29,-2.6172876e-2,0.45473444,-0.8598726,True
28,0.5922351,-0.49214876,-0.5379709,True
27,0.5665618,0.5091431,0.5451236,False
26,0.25850523,1.4530182e-2,-0.9682524,True
25,-0.18372107,0.8445344,0.44667363,False
24,-0.26427054,-0.5376694,0.52937376,True
23,0.4678421,-0.40475667,0.60454464,False
22,0.54261863,-0.854012,-0.22184789,False
21,0.37774014,-0.394426,0.8595073,False
20,-0.8315464,-0.8274059,3.805232e-2,True
19,-2.518344e-2,0.5604403,-0.31674457,True
18,0.57431495,-3.9603353e-2,0.13224542,False
17,6.2395573e-2,0.76033914,-0.9340209,True
16,6.030953e-2,0.42716706,0.9231777,False
15,9.815216e-2,-0.23827302,-0.6809912,True
14,-0.29644024,0.42068946,-0.2930143,True
13,-0.8302375,-0.39050627,-0.3661226,True
12,-0.79768777,-0.52360487,-4.8908114e-2,True
11,-0.55845845,-0.6033689,0.23668861,True
10,0.17921817,-0.25163722,0.45034862,False
9,-0.1337043,0.58292246,-9.657788e-2,False
8,-0.10243058,-0.7741363,-0.6096363,True
7,-0.19786596,0.1605618,0.5537398,False
6,0.9564364,0.7668272,0.3912418,False
5,0.84918225,0.17710078,0.2917626,False
4,-0.76345205,0.42691576,-0.76505685,True
3,-0.8802788,0.44202673,-0.9071835,True
2,0.36846578,3.156793e-2,-0.8130933,True
1,0.16372335,-0.6923517,0.5878118,False
0,-0.2878064,-0.56547225,0.8754568,False
