999,-0.8202411,0.619382,0.17620909,True
998,0.13758683,-0.2530625,-0.6106031,True
997,0.6247251,-0.5857717,-0.6210635,False
996,0.94330823,0.39107,0.8405297,False
995,-0.36830544,-0.31951082,0.22653222,False
994,-0.70883536,0.60497725,-0.9827962,True
993,-0.850289,0.98740137,0.986441,True
992,4.4556856e-3,0.52082276,-0.2269175,True
991,-0.6910821,0.8141602,0.78892136,True
990,0.3574189,-0.35631537,0.4189899,False
989,-0.9584353,0.1178025,-0.27054024,True
988,-0.2710395,-0.72465193,0.44873452,False
987,0.25481975,0.85529864,-4.1502e-2,True
986,0.6486361,0.5024011,0.6282666,False
985,0.4034909,-0.60264397,-0.49093688,False
984,0.2718494,0.93983305,-0.3521657,True
983,4.1276217e-2,-0.3657676,-0.7526597,True
982,0.61698425,-0.43698597,0.30855262,False
981,0.58970284,0.7850224,-0.77103007,True
980,-8.407533e-2,0.27834797,0.5730231,False
979,0.60055804,-2.7439713e-2,0.100306034,False
978,0.974226,-0.40523827,0.29651356,False
977,0.4013269,-0.12056196,7.295954e-2,False
976,-0.6813073,0.43276417,-4.3570995e-4,True
975,0.41395307,-0.71382153,-0.32930517,False
974,0.4662795,0.51853955,-0.1682595,True
973,0.9136157,0.4834497,-0.59938335,True
972,0.92626095,-0.7077209,0.15561163,False
971,-0.5633601,-0.44083762,0.44297707,False
970,-0.48547387,0.23469424,-0.8018428,True
969,0.37032378,0.66443956,-0.765893,True
968,-0.70931554,0.36989892,-0.6157212,True
967,0.57564163,0.53747404,0.1499883,True
966,0.3275391,0.71370435,0.68109214,False
965,-0.5223967,0.30153942,-0.946259,True
964,-0.39568186,-0.7027838,0.6480007,False
963,-0.14765894,-0.12331259,0.7548506,False
962,-0.8642101,0.8927661,0.5709615,True
961,-8.381629e-2,-0.6752329,0.9030856,False
960,0.8734261,0.78282404,0.4253043,False
959,0.32945848,-0.25343788,-8.562958e-2,False
958,-0.3236791,-0.11881304,-3.7548304e-2,True
957,-0.34104383,0.36734617,3.0837774e-2,True
956,-0.4392048,-0.46888626,0.9355017,False
955,0.8473511,0.71022844,0.20682657,False
954,0.7178595,0.2766775,0.19029868,False
953,0.28197265,-0.42984986,0.4122622,False
952,6.791437e-2,0.20954847,3.1468272e-2,True
951,0.96702325,-0.16305101,0.6994729,False
950,-0.2153281,0.55331135,-0.96991086,True
949,-0.6301731,0.6706352,-0.6649189,True
948,0.9489783,-0.50551546,-0.823055,True
947,8.30313e-2,-0.7949735,-0.25818443,False
946,-0.5235808,-0.22023666,0.49050486,False
945,0.43342578,-0.27638507,-0.927343,True
944,-0.42279136,-0.31626678,-0.80577767,True
943,-0.72985816,-0.19314456,0.63821995,False
942,0.45444214,0.28627503,0.25570714,False
941,-0.21482182,-0.124212265,-0.5955492,True
940,0.9036759,-0.94473493,-0.86667275,False
939,0.88399243,-0.33885145,0.62227786,False
938,2.5729775e-2,0.9052042,-0.7932409,True
937,-0.728477,0.82037973,-0.46526432,True
936,0.43916094,-0.6928687,0.73076475,False
935,0.5220516,-0.7746024,-0.26572704,False
934,0.13402689,0.71562946,0.8456379,False
933,0.63683796,-0.9426371,-0.5606258,False
932,7.561481e-2,0.97040856,-4.454446e-2,True
931,-0.49389124,8.633125e-2,0.8755584,False
930,2.6624441e-2,-0.31607294,-0.35720503,True
929,0.24207008,-0.41019213,-0.12460959,False
928,-0.2585919,-0.11145592,0.93071496,False
927,9.6355796e-2,-0.50403833,0.25314212,False
926,-0.945222,-0.8014529,-1.7326236e-2,False
925,-0.909969,0.14277816,0.7078035,False
924,0.26568365,-0.20225847,-0.3252672,True
923,0.51029956,-0.95429504,0.6465194,False
922,-0.28948438,-0.6087673,0.38310564,False
921,-0.24610054,0.7059642,0.40093482,True
920,0.94117355,0.9215759,0.22115207,True
919,-0.54976034,0.6889479,-0.9444212,True
918,-0.7578753,-0.36374557,1.5310764e-2,True
917,0.89396787,-0.26245773,-0.18839848,False
916,-0.7329823,4.239142e-2,-0.8960217,True
915,0.9050963,0.91469944,0.6890321,False
914,-0.47403407,0.35555792,0.9398736,False
913,0.83548474,0.41786313,0.5540061,False
912,-0.68678176,0.6108433,-0.32579303,True
911,-0.96353555,-0.23063135,0.2868737,False
910,-0.69694567,-0.72261393,0.9975656,False
909,3.578067e-2,0.6915412,-0.53904295,True
908,-0.24486578,0.91882575,0.36384284,True
907,-0.775048,0.53534114,0.48737717,True
906,-0.523559,-0.8873552,0.25132358,False
905,-0.52590716,-0.6707423,-0.78981256,True
904,8.250773e-2,0.5024353,9.421313e-2,True
903,0.20185053,0.68359697,-0.5348387,True
902,0.7952863,0.45594907,-0.8497325,True
901,0.118296504,0.8817164,0.40386736,True
900,-0.20596755,-0.89673305,-0.7320981,True
899,-2.9453397e-2,0.585755,-0.21121597,True
898,0.5446392,-9.126699e-2,-0.24480176,False
897,-0.27979136,-0.5125313,0.79036224,False
896,-4.80783e-3,0.32386088,-0.6107578,True
895,-0.35197246,0.67807674,0.53667474,True
894,-0.23048449,-0.15124023,-7.222819e-2,True
893,0.31313515,0.20009232,0.54777265,False
892,0.28019977,-0.14956832,0.8268391,False
891,-0.9133662,-0.24925792,-0.3516276,True
890,-0.27664888,0.20550144,0.62773013,False
889,-0.39044666,0.61539483,0.82423186,False
888,-7.7151775e-2,0.4885671,-0.33175302,True
887,0.2847482,-3.148973e-2,-0.31645358,True
886,0.86650646,0.9784539,-0.6655077,True
885,-0.14824927,0.49545348,-0.24550128,True
884,0.9404689,-1.4967084e-2,0.7018293,False
883,0.75723565,-0.7395743,0.8414855,False
882,0.7734029,0.90699494,-0.76899815,True
881,-0.7688855,-0.8332113,-0.163952,False
880,0.18425107,-0.3192706,0.43370247,False
879,-6.9344044e-2,-4.7895312e-2,-0.45536816,True
878,0.43394244,0.1456815,-0.54912555,True
877,0.91241455,0.12272334,0.46262348,False
876,-0.1804688,0.17090702,-0.21656644,True
875,0.9656553,0.84980667,0.2900356,False
874,-0.43182492,0.5128517,0.81171477,False
873,0.4593346,0.71275604,0.5702263,False
872,-0.17651796,0.5242984,-0.22399747,True
871,-0.7962632,-0.42474926,0.26587093,False
870,-9.4108105e-2,-5.969441e-2,0.91897845,False
869,-0.6943196,-0.84594345,-0.8232784,True
868,-0.5213125,-0.73525834,-0.55382895,True
867,-0.37223196,0.97642887,0.96234787,False
866,-0.14779687,0.4641887,0.24281311,True
865,0.6084354,-0.345358,-0.2796173,False
864,-0.27504504,0.2843604,0.38651526,False
863,0.91319656,-0.876379,-0.49058282,False
862,0.1048969,0.11182892,-7.126355e-2,True
861,0.17823052,0.7581035,-0.37514925,True
860,-0.77725434,0.9143716,-0.45043635,True
859,-0.1825316,-0.84606874,-0.37252998,False
858,-0.8691032,0.24761033,0.6237047,False
857,-0.51080704,-0.5064411,0.5056937,False
856,0.91395557,-0.3394196,-0.62805176,True
855,0.55829203,-0.42492998,-0.69090426,True
854,-0.82220507,0.40760624,0.21003103,True
853,-0.9354279,-0.82607365,-0.44993508,True
852,-0.33851576,-0.35367954,-0.87294483,True
851,-0.19430315,-0.39794517,-0.82220495,True
850,-0.8683822,0.36655498,-0.40797412,True
849,-0.50826645,-0.38675427,-0.3743217,True
848,-0.93008137,-0.4547155,-0.11676407,True
847,-0.9434316,6.12278e-2,-0.66580737,True
846,-0.96510637,0.3507563,0.32768404,True
845,0.69902086,-0.6149603,0.27824056,False
844,0.23977745,-0.50745165,-0.80211675,True
843,0.45245028,-0.89828753,0.87769127,False
842,0.42590332,0.53535724,0.8492477,False
841,-0.62497354,0.36102426,0.4797958,True
840,0.6530489,-0.98559964,-0.5079733,False
839,5.1234007e-2,0.7290722,-0.70558465,True
838,0.4414246,-0.9304863,-0.9548886,True
837,0.69181967,-0.93153334,6.2305927e-2,False
836,-0.5107893,0.7356508,-0.59324896,True
835,0.7483008,-0.102485776,0.4907018,False
834,0.65946066,0.86952364,0.85783935,False
833,0.8198559,-0.7005439,-0.63981056,False
832,0.68300474,0.3241614,0.37153435,False
831,0.96556425,-0.29878485,-0.69326425,True
830,-0.3395015,0.76496756,-0.6404697,True
829,0.45518458,0.1495707,0.47925436,False
828,-0.71598434,0.96751666,0.59528565,True
827,-0.16123807,0.5324658,0.8475481,False
826,-0.9635104,-0.9648558,-0.1744492,False
825,-0.79564404,0.6352025,-0.15208638,True
824,-0.51937175,-0.25140917,0.48528528,False
823,-0.7189691,-0.6214206,0.705004,False
822,-0.80834854,-6.0186148e-2,0.54730225,False
821,-0.3336699,-0.78171325,-0.3905933,False
820,-0.19345105,9.0117335e-2,-7.668829e-2,True
819,0.34545028,-0.29551792,-0.74897873,True
818,0.91224456,-0.8893255,0.6238985,False
817,-0.22348988,0.27105808,-0.80630517,True
816,0.45467365,-0.96495676,0.6757698,False
815,0.3836199,-0.8566109,0.845332,False
814,-0.23843682,-0.96185327,-0.22977507,False
813,-0.36690354,-0.92377245,-0.678236,True
812,-0.4264183,-0.43064392,0.48609257,False
811,0.7001288,0.86550736,4.8072338e-2,True
810,0.6750773,-0.48773122,-0.55579686,False
809,0.40722,0.54049003,-0.6188543,True
808,0.95397913,-0.4175961,0.85671365,False
807,-0.44415343,-0.5598178,-0.51897216,True
806,0.7246425,0.6387199,-0.36186504,True
805,-0.98333585,-0.30859804,0.27263367,False
804,0.26479006,-0.92391574,0.25470006,False
803,-0.3860432,-0.34262264,0.3588425,False
802,0.739807,0.51454914,0.6175697,False
801,0.38828492,0.59739566,0.87443197,False
800,0.6905433,0.8869921,0.24620414,True
799,0.21802521,-0.74690056,-0.9631548,True
798,-0.25663984,0.53113854,0.6646749,False
797,0.6540148,0.9136406,-0.1415627,True
796,-1.4892936e-2,0.26875484,0.71334696,False
795,-0.5371126,-0.66495407,0.16801262,False
794,0.33740652,-0.34963596,0.20804572,False
793,-0.27402174,0.70812833,0.95352185,False
792,-0.44775474,0.5612745,0.5631677,True
791,-5.9771538e-2,-0.68588614,0.5147855,False
790,8.2607746e-2,0.36385858,0.6787528,False
789,0.6921183,0.18845844,0.99949443,False
788,-0.59199536,-0.3924867,0.8931768,False
787,0.89789164,-0.92215383,-0.7285261,False
786,0.27263832,-0.7974049,-5.3399324e-2,False
785,4.8208594e-2,-0.9125806,-0.6625993,False
784,-0.677117,0.6420064,-0.27554345,True
783,0.8712534,-0.66659045,0.94531405,False
782,0.9903947,-0.10313332,-0.67209077,True
781,0.2634139,-0.13144171,0.6845255,False
780,0.39023578,-0.62899804,-0.7487235,True
779,0.45515358,-0.62931263,-0.7630278,True
778,-0.90665555,0.17854822,-0.21511912,True
777,-0.77682126,0.8825662,0.22167683,True
776,0.14241779,-0.8837892,-0.5548147,False
775,0.81079495,-0.34201014,-0.2557248,False
774,0.102130294,-0.61400723,0.26941204,False
773,0.8664743,0.8551823,-0.9997908,True
772,8.88747e-2,-0.87800467,0.7230519,False
771,-1.2018442e-2,0.64169574,-0.44537532,True
770,0.93609464,-0.17844403,0.57809746,False
769,-0.9365436,-0.5952002,-0.71055734,True
768,0.33566093,0.73981833,0.21986449,True
767,0.25904417,0.17790866,0.24590659,False
766,0.69369817,0.99183583,0.97385645,False
765,-0.17840159,-0.16886461,-0.7619256,True
764,0.81638503,-0.19613338,-0.53058136,True
763,0.58788633,6.647277e-2,0.91863704,False
762,8.985579e-2,-0.16102195,-0.5839058,True
761,0.89971185,0.5379759,-3.9778113e-2,True
760,2.90128e-2,0.607275,-0.3450917,True
759,0.9699466,0.27948976,-0.77086306,True
758,0.51170945,-0.15435481,0.5708438,False
757,0.14747822,0.94015753,-0.19168282,True
756,0.94304883,-0.18936849,-0.1637944,False
755,-0.828195,0.78642404,0.68238556,True
754,0.50289834,0.3318889,-0.104640365,True
753,-0.8378657,-0.15839207,-0.718199,True
752,-0.11920059,-0.13423038,-0.61178493,True
751,0.83668923,0.19057083,2.6661158e-2,False
750,0.41709065,-4.440713e-2,0.92787063,False
749,-5.709064e-2,0.55065167,-0.9817352,True
748,0.5816338,-5.6791306e-4,0.64600456,False
747,0.30121624,-0.4595858,0.8974874,False
746,0.32028174,-0.4361843,-0.6484529,True
745,-0.93957055,0.62476265,0.5191357,True
744,0.7027184,0.4113288,-0.17453527,True
743,-1.9556046e-2,-0.5854125,-0.9777818,True
742,0.5748384,-0.35439456,0.9845469,False
741,-0.15054107,-0.9990144,8.756614e-2,False
740,0.8002887,-0.66896605,-0.73302126,False
739,-0.8576468,0.66593194,-0.533326,True
738,0.21913493,0.3649031,-0.888947,True
737,0.75593114,0.35303795,0.98872745,False
736,-0.35590804,0.1424377,-0.946609,True
735,-0.23033524,-0.44000077,-0.3542111,True
734,-0.5670582,0.7301568,0.51751125,True
733,0.80056524,-0.404207,0.71498084,False
732,-0.9759656,-0.7759571,-4.5429826e-2,False
731,-0.27312315,0.9029062,-0.25691915,True
730,0.6376084,-0.27490008,0.31710494,False
729,-0.7478013,-0.6877899,-7.835114e-2,False
728,0.8031837,4.56568e-2,-0.51588416,True
727,0.21608877,0.6740216,-0.23259568,True
726,-0.26115918,0.6744071,-0.24363184,True
725,-0.8357667,-0.502772,-0.7689551,True
724,0.27917266,-3.4988046e-2,-0.63048923,True
723,-0.6503072,-0.89351296,-0.63944507,True
722,-0.8850759,-0.8064915,0.42770815,False
721,0.8164929,0.9047574,0.38095427,False
720,0.67808795,-0.8917242,0.22750962,False
719,-0.4900744,0.38469148,-0.655025,True
718,-0.24812675,-0.9401152,-0.79889286,True
717,-0.3389231,-0.36230767,0.97339773,False
716,9.51761e-2,0.38406956,-0.38955832,True
715,-0.8538474,0.99804914,0.92160356,True
714,-0.8593193,0.834522,6.409526e-2,True
713,-0.9090278,0.6812278,6.6299796e-2,True
712,0.83705556,-0.57749903,-0.28450108,False
711,0.35522377,0.7574632,-0.8544818,True
710,0.17778361,-0.13823819,-8.047867e-2,False
709,0.29404175,-0.77344465,0.14561605,False
708,-0.24816513,0.5321574,-0.23684621,True
707,-0.87393045,0.8903644,0.73790693,True
706,-0.96449983,0.64068997,-0.56713724,True
705,-0.47821164,-0.36910653,-0.4156412,True
704,0.52928054,-0.28897715,0.9249487,False
703,0.5036888,-0.27686834,0.70166314,False
702,0.57595134,-0.2511021,-0.27976108,False
701,0.53641033,0.3257836,0.57195735,False
700,0.6987264,-0.22343647,0.57381666,False
699,-0.8124045,0.5591091,-0.362579,True
698,2.7126431e-2,0.30310535,0.7508186,False
697,0.2603643,-0.43159735,-0.516747,True
696,0.5892054,-0.97372925,0.77975154,False
695,-0.7111459,0.94872,0.46236467,True
694,-0.17433846,6.052363e-2,0.5639405,False
693,0.4777671,-0.5803063,0.6037593,False
692,0.5639099,0.54716766,-0.61118114,True
691,-0.6520301,0.25996804,-0.5366596,True
690,0.97757435,0.77871144,-0.7473204,True
689,-0.99221444,-0.5414305,-0.6370481,True
688,0.4047414,0.35778296,0.9075531,False
687,0.54543006,-0.63855124,0.19371855,False
686,-0.654696,0.61281025,-0.37569427,True
685,-0.9255227,-0.16764057,-0.6430743,True
684,3.0383945e-2,-0.27674735,0.8525816,False
683,0.13902771,-7.764757e-2,1.8728852e-2,False
682,-0.47752,0.712113,-0.7995546,True
681,-3.038907e-2,1.8526435e-2,-5.508661e-4,True
680,-0.6355492,0.33195317,-0.2943715,True
679,-0.771212,-7.345879e-2,0.8780055,False
678,-0.528481,0.464939,-0.2889316,True
677,0.44089282,-0.77393425,0.66761124,False
676,-0.34565377,-0.8834493,0.25044632,False
675,0.19581127,-0.97920895,0.42962646,False
674,-0.89718163,-0.7561159,-0.275293,True
673,-0.2790401,-0.349164,0.26759434,False
672,-0.22605312,0.5935055,-0.98981357,True
671,-0.5067327,-0.23095357,-0.91873837,True
670,-0.619455,0.596737,-0.4002334,True
669,-2.5745034e-2,-7.678151e-3,0.665997,False
668,0.89466846,0.5641066,-0.84125865,True
667,-4.5667887e-2,-0.7402977,0.53810585,False
666,0.82813525,-0.8472558,-0.69965374,False
665,-0.82552505,0.41198564,-0.5866631,True
664,0.8091463,0.3354057,0.88549316,False
663,0.7347312,-0.93367875,-0.53073406,False
662,-0.38447893,0.88372254,0.6051415,True
661,-0.7057314,0.698679,-0.47660708,True
660,0.85348296,1.2180209e-2,-0.80445695,True
659,0.44187558,0.31309247,-0.6641067,True
658,0.7611431,-0.8007095,0.20096397,False
657,-0.11694157,-0.6670127,-0.57034767,True
656,0.8365034,-0.65244293,0.5661329,False
655,-0.9289787,0.9646597,-0.7677475,True
654,-0.44363797,0.1723988,7.552862e-2,True
653,0.24843061,0.5303695,-0.7247484,True
652,-0.29152477,0.123120785,0.20119202,True
651,8.3580375e-2,0.3078246,-0.5245067,True
650,0.14711404,-0.8082117,3.407371e-2,False
649,5.7894707e-2,-0.23174989,0.42184138,False
648,-9.554911e-2,-0.49188972,-0.71690166,True
647,-0.7626833,0.801301,-0.97766876,True
646,0.58345807,-0.2631154,-0.67097175,True
645,-0.6935452,0.22489929,-0.44988072,True
644,-0.7812028,-9.294629e-3,3.9045453e-2,True
643,-0.92633593,-0.8598201,0.7577939,False
642,0.78070366,-0.81746185,0.9272052,False
641,-3.4995556e-2,-0.8941964,-0.76287794,True
640,-0.9201462,0.1237694,0.2774794,True
639,0.49255955,-0.97756064,0.3695171,False
638,4.470837e-2,-0.6922802,-0.5498613,True
637,-0.52327263,0.8323978,0.30281305,True
636,-0.21091688,6.609583e-2,0.989568,False
635,0.3371681,0.12959456,0.8168645,False
634,0.89052165,0.38627934,0.27212095,False
633,0.6539177,-0.6080092,-0.595081,False
632,-0.1365565,0.96982706,-0.5580833,True
631,6.905651e-2,-0.5757197,-0.7019292,True
630,0.86259353,0.4604633,0.90850556,False
629,-0.43914378,0.2629882,-0.3593967,True
628,0.644887,0.25965512,-0.94555724,True
627,0.9763558,-0.13699782,-0.39281154,False
626,0.9071708,0.26325643,0.66794765,False
625,-0.7905245,-0.3062439,0.46228373,False
624,-0.6266539,0.2879585,-0.6718509,True
623,-0.6726632,0.7290454,-0.4454267,True
622,0.48213363,5.701351e-2,0.8119935,False
621,-0.8636396,0.15804899,0.49600303,False
620,0.7642269,-0.61096346,-0.8101376,True
619,-2.601409e-2,0.24602973,-3.1089306e-2,True
618,-0.9666362,-0.9403666,0.1270132,False
617,-0.94337,0.783214,-1.8191814e-2,True
616,0.17524123,-0.40731132,0.12216747,False
615,8.702159e-3,0.42439103,0.74910784,False
614,0.15035677,-0.61955047,0.7912513,False
613,-0.9386151,-0.5821011,0.87669694,False
612,0.2965597,-0.28779292,0.9038929,False
611,0.5190556,0.51619506,-0.505057,True
610,0.33477247,-1.7291427e-2,0.7696793,False
609,-0.2765826,-0.71788406,-0.5808512,True
608,0.9702302,0.45249248,8.475304e-3,False
607,0.25145245,-1.9133449e-2,-0.40820026,True
606,-0.3519075,0.2911731,0.87500954,False
605,-0.62858105,-0.6942793,-0.10175657,False
604,-0.7679739,0.84572303,0.32258058,True
603,-9.9274516e-2,-1.0088205e-2,0.90821517,False
602,-0.96002746,-0.36855626,-0.91950357,True
601,-0.9859787,0.86461246,-0.67757785,True
600,-0.9643055,-0.2674501,-0.9459034,True
599,-0.16462672,-0.5579685,-0.7943839,True
598,0.55907345,-0.34787643,7.334232e-2,False
597,-0.8009503,9.1153145e-2,-0.6662102,True
596,0.44110656,-0.7518953,-0.574028,False
595,-0.62689555,0.64567196,-0.26348627,True
594,0.9659802,-0.7184341,0.39512503,False
593,0.7768153,0.7443874,-0.36778903,True
592,0.3716117,-0.4546908,-9.644437e-2,False
591,-0.20346975,-5.409217e-2,7.016277e-2,False
590,-0.8875952,-3.5511255e-3,-0.7927444,True
589,-0.825246,0.62892926,0.55902505,True
588,0.21509743,0.997352,-0.1866411,True
587,-0.2877617,0.63408065,5.2654386e-2,True
586,-7.918954e-2,0.33009505,0.7897961,False
585,0.8255429,-0.26713216,0.42926085,False
584,0.68514776,-5.486834e-2,-0.73139155,True
583,-0.66375184,-0.24592602,-0.21215665,True
582,0.43735147,-8.4383965e-2,-0.21408343,False
581,-0.72694266,-0.41667378,-4.932177e-2,True
580,-0.38734877,0.28130352,0.19845736,True
579,-0.5037768,5.6345463e-3,0.7757547,False
578,-0.15134895,0.8819748,-2.690494e-2,True
577,8.611405e-2,0.44877112,0.8243617,False
576,0.9792932,-0.95574105,-0.78647745,False
575,-0.17839408,0.8324225,-0.5252093,True
574,-0.88925886,-0.32652998,-0.7781087,True
573,-0.28021514,0.28378356,-0.30929947,True
572,0.5658095,-0.83045554,0.105492115,False
571,0.22436798,0.758718,0.2994535,True
570,0.6519903,2.6193023e-2,0.24377143,False
569,-0.86438847,-3.783691e-2,-0.3195318,True
568,0.86814785,0.47302723,0.96736777,False
567,0.19762623,-0.5218959,-7.558203e-2,False
566,-0.81890106,0.70632374,0.28951645,True
565,2.616775e-2,-3.941524e-2,0.39802158,False
564,-0.1841619,0.48379028,-0.18336892,True
563,-0.24626625,-0.6288717,0.58071387,False
562,0.42811918,0.953138,-0.2674625,True
561,0.65067005,-0.40473306,0.5531529,False
560,-0.4764123,-0.8318603,-0.6786796,True
559,0.6210259,0.28158915,0.5635637,False
558,-0.26640618,-0.78882957,-0.68900216,True
557,0.57077324,-0.41333425,-0.6575984,True
556,0.99821246,-0.8712834,-0.86903346,False
555,0.5343578,-0.4765867,0.8218148,False
554,-0.9231163,0.314175,0.41308272,True
553,0.49759436,-0.16741312,-0.6832943,True
552,0.5238613,-0.60443604,-0.58330786,False
551,-0.25668192,0.3120942,0.35239065,False
550,0.33265495,-0.8710866,-0.45990324,False
549,0.6266649,-0.6186265,0.80241346,False
548,-0.22412097,0.64974606,0.106467724,True
547,-0.41501045,-0.8447368,0.94322836,False
546,0.6513691,0.9148594,-0.7643602,True
545,0.5640594,0.9498247,0.2623644,True
544,0.805022,0.90593374,-0.23537076,True
543,-0.26180148,3.1088352e-2,-6.639588e-2,True
542,0.9210814,0.96523404,-0.8667625,True
541,-0.10651648,0.4227252,6.1068535e-3,True
540,-0.17748547,-0.3694849,-0.5838604,True
539,-0.42549634,0.48516047,-0.2660098,True
538,-0.5512514,-0.36315012,-0.1996249,True
537,-0.8822241,0.50992894,0.17330277,True
536,0.962582,0.78457963,-0.89640725,True
535,0.73290205,0.7594427,-0.5350429,True
534,-0.93904126,-2.4053693e-2,-0.46452963,True
533,-0.98051155,-0.9791167,-0.5884733,True
532,-0.92142785,0.36283278,0.44265497,True
531,5.7155013e-2,-0.990934,0.96242917,False
530,0.7370666,0.5196253,6.147015e-2,True
529,-0.47645354,-0.205809,-4.228401e-2,True
528,-0.46691573,0.23418617,0.45240748,False
527,8.16977e-3,0.652532,-0.63110936,True
526,-0.46924412,-0.59606814,0.50231385,False
525,-0.5050391,-0.5435709,0.9248755,False
524,-0.6978259,-0.41366017,0.6468252,False
523,-0.255944,-0.109338045,-0.61664,True
522,6.884444e-2,0.70260656,6.232524e-2,True
521,0.9010105,0.78063583,0.6426519,False
520,0.44886196,0.18137467,-0.97999895,True
519,-0.9710735,0.7300205,-0.6855817,True
518,-0.22611451,0.4763204,1.5929937e-3,True
517,-0.29594898,-0.13772976,-0.81083083,True
516,0.8368181,-0.1885246,4.489124e-2,False
515,0.79664767,-0.91101813,0.38850427,False
514,0.8974235,-0.44891536,0.37401557,False
513,0.5522953,0.30982447,0.54455197,False
512,-4.2351127e-2,7.6040864e-2,-0.45312262,True
511,0.3503666,0.9240533,-0.52407634,True
510,-0.19124687,-0.7078397,0.1930337,False
509,5.1602125e-2,0.902542,-0.95922625,True
508,0.17713833,-9.9621415e-2,0.26426196,False
507,-0.5307485,9.191036e-2,0.42464054,False
506,0.55284154,-0.59001184,-0.46051288,False
505,-0.51509786,0.3650912,-1.9455671e-2,True
504,0.46139002,0.4338708,0.86159337,False
503,0.9739374,-0.52975726,0.112267494,False
502,0.8048043,-0.37487388,0.44223988,False
501,0.8929713,-0.9212848,0.17961895,False
500,-6.663501e-2,-0.3050146,7.0670485e-2,False
499,-0.7344816,-0.8150979,0.21015716,False
498,0.93342483,5.6282878e-2,0.46883655,False
497,0.471812,-0.70869017,0.24901104,False
496,0.390846,-0.13416195,0.87039673,False
495,0.5692148,0.5237926,-0.27244318,True
494,-0.36981905,-8.116484e-2,-0.5373845,True
493,-0.59117365,0.8968078,-0.11814833,True
492,-6.4833164e-3,0.76565766,-0.46678948,True
491,-5.590272e-2,-0.5886358,0.8258543,False
490,-0.5911802,-0.16915822,0.13510263,False
489,0.91036403,0.39760518,-0.33366954,True
488,-0.8507247,-0.58972573,-0.3861599,True
487,-0.6532388,3.8158894e-2,0.84938014,False
486,-0.84850776,0.46133626,0.8634783,False
485,0.49387896,-0.6849601,-0.6052022,False
484,0.85560226,0.51572704,0.82666695,False
483,0.11158824,0.42116594,-0.28522825,True
482,-0.8922788,-6.3079596e-2,-0.6758543,True
481,-0.25188982,-0.9434624,0.34684622,False
480,-0.26534927,0.7419388,0.84192395,False
479,0.68152237,0.8670572,-0.8935113,True
478,0.8638414,0.113345146,-0.54505205,True
477,-0.5007012,-0.6627157,0.1483494,False
476,-0.11827099,-0.79749846,-0.6994746,True
475,-1.4848232e-2,-0.46683383,0.23548853,False
474,-0.34791803,0.15856254,-0.46835065,True
473,-0.93179405,-0.16826975,-0.571748,True
472,-0.26652694,-0.6382537,0.32554233,False
471,0.13050318,-0.3265816,0.69508517,False
470,0.77866673,-0.2884593,-0.32653308,False
469,0.2930379,-9.575331e-2,0.52005315,False
468,-0.93556905,0.8866483,-0.79261994,True
467,1.4110446e-2,-0.39227343,0.96754,False
466,0.7565223,0.8599944,-0.46016276,True
465,-0.8994887,0.82461107,-0.40230143,True
464,-0.6213603,0.2835666,-0.8249718,True
463,0.5025686,-0.48000455,0.121094584,False
462,-0.4449824,-0.6113341,-0.8629997,True
461,0.3733915,0.9873115,-0.80361664,True
460,0.48292553,0.5251429,2.8312206e-4,True
459,-0.15416133,0.10070634,-0.21267688,True
458,-0.34026766,-0.9708289,-0.4415561,False
457,-0.30092895,-0.2747326,-0.86549246,True
456,2.6973248e-2,-0.22935224,-0.17007303,False
455,-0.3650626,-0.4915328,5.398655e-2,False
454,-0.91231835,0.6649302,0.86249197,False
453,0.71940756,-0.8274188,0.9127277,False
452,-2.7942419e-2,0.4298662,0.3480345,False
451,-0.5887197,0.49932933,-0.28908765,True
450,-0.8236548,-0.4619615,0.6562108,False
449,-0.7175906,0.6388024,-0.5604663,True
448,-0.300012,0.8619306,-0.18738794,True
447,0.35455382,9.46964e-2,-0.3392415,True
446,0.9600959,0.9309697,-0.68004847,True
445,0.9397057,-7.820201e-2,-0.84821844,True
444,0.40180075,-0.47461152,0.17274487,False
443,6.792891e-2,0.7676705,-0.68117595,True
442,-0.30511272,-0.51774156,0.571046,False
441,6.952047e-2,-5.2124023e-2,-0.7623869,True
440,0.35625255,0.51501906,-0.27117383,True
439,0.10721052,-0.8526906,-0.34067523,False
438,0.3007058,-0.22767973,0.89042723,False
437,0.70254517,0.66544867,-0.16733253,True
436,-0.34964573,0.74895823,0.99417555,False
435,-0.9374665,0.96505785,-0.6209271,True
434,0.3881544,0.5772518,-0.24173224,True
433,0.34286153,-0.79280543,0.1608001,False
432,0.49624836,-0.13382077,-0.6582842,True
431,0.30866587,0.26240838,6.6498995e-2,False
430,0.3135513,-0.78834033,0.26774418,False
429,-0.780144,0.9187032,0.5377767,True
428,0.24224329,-0.51964045,0.24518943,False
427,0.4999448,-0.27448523,0.24199128,False
426,0.65444124,-0.15953243,0.27501202,False
425,9.626317e-2,4.810071e-2,-0.9231676,True
424,0.5768362,0.33088505,0.36343396,False
423,0.3901595,0.38696122,0.48030162,False
422,-0.16711903,-7.967484e-2,-0.38425946,True
421,0.8393539,-0.6002728,-0.81114495,True
420,-0.7987938,0.84559786,8.088946e-3,True
419,0.26561022,0.8412647,-8.105397e-2,True
418,0.9647409,-0.8170179,-0.9318782,False
417,0.35520732,0.25791156,-0.9812887,True
416,0.38300455,0.5904182,-0.10675931,True
415,-0.6800041,-0.25856316,0.6423433,False
414,0.32688308,-0.22500372,0.94399583,False
413,-0.6023865,-0.64451563,0.71467805,False
412,-0.71566844,-0.56009924,-0.967937,True
411,0.8275534,0.49212635,-0.30462074,True
410,0.5781739,0.56834626,0.4260764,False
409,-0.8513068,-0.373708,-0.9250922,True
408,0.89710474,-0.16013587,0.5150392,False
407,-0.6304183,0.91938686,-0.93194425,True
406,-0.23913348,3.03061e-2,7.9075694e-2,True
405,0.6644485,3.2841444e-2,-0.8246019,True
404,-2.8131127e-2,-0.93098843,-0.80829346,True
403,-0.43200564,0.8192569,-0.861218,True
402,0.91593647,-0.9113692,-0.37723565,False
401,-0.93640506,-0.7661139,-0.6004002,True
400,0.7907077,0.5677291,0.23544836,False
399,-0.49568248,0.24820936,0.96473587,False
398,-0.695045,0.35926235,-4.556656e-3,True
397,0.11778748,-0.7484969,-0.6784779,True
396,4.2628646e-2,-0.6106951,-9.801745e-3,False
395,0.43513203,0.94339097,-0.19384098,True
394,-0.6096575,-0.77839315,-0.17233753,False
393,-0.23942327,0.14048862,-0.21632874,True
392,-0.13024247,0.9388554,0.559335,True
391,0.7064258,-0.9212315,-0.82260764,False
390,0.4661901,0.94048107,-0.7326391,True
389,-0.8925314,0.5380298,0.7871021,False
388,-0.71771693,-0.7481967,-0.75918365,True
387,0.5132228,-0.79020226,0.8536308,False
386,0.70627,-0.3282019,0.34198213,False
385,0.6092886,-7.707536e-2,0.47203636,False
384,-0.56879115,0.9576372,0.55003667,True
383,-0.32528925,0.59999895,0.13658941,True
382,0.3308227,0.8836962,-0.68469036,True
381,-8.387065e-2,-0.7401326,0.63635004,False
380,-0.43461156,-1.1377931e-2,-0.8767003,True
379,-0.10667324,0.89212763,0.7553971,False
378,-0.7271036,0.6768173,0.429556,True
377,0.82072854,-0.710114,-0.9697081,True
376,-0.5978837,0.81176484,0.2648617,True
375,0.95783865,-0.9855337,-0.84940183,False
374,0.28495955,-0.11869252,0.34977567,False
373,-0.8063588,0.16449821,-0.68992174,True
372,-0.21793473,-0.31847084,-0.75707686,True
371,0.5848906,0.54890645,0.78093636,False
370,-0.3175298,-0.15450883,-0.6241026,True
369,-0.6729109,-8.1449986e-2,-0.3112234,True
368,-0.22173548,-0.22312164,3.4606457e-4,False
367,-0.34594464,6.513226e-2,-0.8762654,True
366,-0.15852714,-0.7627233,0.81998396,False
365,-0.15801525,0.16631782,-0.96923435,True
364,-0.40312862,0.5453143,5.0575256e-2,True
363,0.86445034,-0.39937735,9.00408e-2,False
362,0.4308009,-0.6131644,0.2232573,False
361,0.98428345,-0.3626548,0.4815024,False
360,0.5726448,0.98163795,0.28490186,True
359,-0.6950139,0.6471387,-0.86714995,True
358,0.756879,-0.5416033,0.7144636,False
357,-0.90961397,-0.16354036,-0.2648424,True
356,-0.8044623,-0.5068935,0.46161973,False
355,0.2053057,-0.82216203,0.38760626,False
354,0.6153536,-0.89567304,0.83050394,False
353,0.5408603,0.93210185,-0.57797265,True
352,-0.49291265,-0.4251628,-0.45382285,True
351,-0.9396888,0.36515534,-0.8618171,True
350,0.63540804,-0.4680817,-8.16015e-2,False
349,-0.4588666,9.711981e-3,4.550779e-2,True
348,-0.3938353,-0.11166322,0.4484551,False
347,-0.81562805,-0.8175913,-4.753697e-2,False
346,0.2770114,-0.76921594,0.8386812,False
345,-0.47478414,0.6236651,-0.9048251,True
344,0.19542682,0.5699477,0.47245646,False
343,-0.8653716,0.8379861,3.2408237e-2,True
342,0.75913215,0.750985,0.8484173,False
341,-0.112962246,8.699298e-2,0.52486837,False
340,-0.46258962,-0.20043802,-0.6125785,True
339,0.5413579,0.24026299,-0.111279845,True
338,-0.43773484,0.2653886,-0.38389552,True
337,-0.40979373,0.11531317,0.33099473,False
336,0.17985773,-0.4565251,-0.25099683,False
335,0.37287438,-1.2869835e-2,-0.5540513,True
334,-0.6006707,-0.7257565,-0.72646856,True
333,-0.8514172,-0.387406,0.17027986,False
332,0.52210677,-6.0065985e-3,0.94622064,False
331,-0.70606065,-0.14926171,-0.55905294,True
330,-0.48046768,0.5740838,-0.99892795,True
329,0.72928774,-0.679096,-0.46658623,False
328,0.60739946,-0.6797823,0.2600224,False
327,-0.22178257,0.48524487,0.24170029,True
326,0.4279598,-0.92295456,-0.9643922,True
325,0.10185492,-1.7385244e-2,-0.47385943,True
324,3.6208272e-2,0.5534755,-0.9008161,True
323,0.89570963,-0.73540986,-0.75597906,False
322,0.9244088,0.1286043,-0.4045998,True
321,1.0178089e-2,0.6016612,0.9837612,False
320,3.8006783e-2,-0.25679195,0.333768,False
319,-0.545308,0.7617456,0.550805,True
318,-0.2926284,-0.886284,0.15127087,False
317,-0.5765829,-0.994794,-0.2090764,False
316,-0.7155092,-0.8474176,-0.24938405,False
315,0.9448763,-0.8192949,0.97978175,False
314,0.3132856,-0.829093,0.25204659,False
313,0.27904224,-0.3044529,-0.5260246,True
312,-0.10993707,-0.87340844,-0.36403775,False
311,0.48277676,-0.52091134,-4.144895e-2,False
310,-5.6334734e-2,0.8652282,0.7762697,False
309,-0.22000122,0.112594485,-0.7619897,True
308,1.0464549e-2,-8.828044e-2,-0.27651954,True
307,0.52061737,-0.7717881,0.38135278,False
306,0.96794164,-0.96066487,0.4219259,False
305,-0.6512879,0.95426047,3.964448e-2,True
304,0.21037495,-0.6279582,7.160115e-2,False
303,0.5636238,-0.13483047,5.1724553e-2,False
302,0.53496695,0.63805676,0.47723007,False
301,0.95508313,-2.5670648e-2,-0.8227222,True
300,0.5925987,5.990863e-2,0.2619784,False
299,0.67558765,8.4679246e-2,-0.30283892,True
298,-0.96418154,-0.7291304,-0.21960378,True
297,0.6582799,0.23230231,-0.23342109,True
296,-0.5567219,-0.8632163,0.97043025,False
295,-0.640726,0.4998778,-0.57519376,True
294,0.62593436,-0.12400854,-0.7987865,True
293,-0.22463739,-0.89660084,-0.23561668,False
292,-0.48525465,0.8884282,-0.593765,True
291,-0.5629829,-5.1576376e-2,0.9357461,False
290,0.26044977,-2.5012612e-2,0.33525896,False
289,-0.574293,3.0540586e-2,-0.37181056,True
288,-0.5975194,-0.45543015,0.57547414,False
287,-0.8174362,2.4962068e-2,0.8978083,False
286,-0.86174965,-0.15198946,-0.36710787,True
285,0.23084235,0.46953464,-4.978013e-2,True
284,0.6094707,-0.41099346,0.9886701,False
283,-0.8442389,0.3288479,-4.6437144e-2,True
282,-0.9264977,0.5461949,0.5603957,True
281,0.7581289,-0.38610816,0.38684487,False
280,0.17259765,0.19320977,0.90132546,False
279,-7.418358e-2,-0.10601568,-0.24217165,True
278,0.34140122,-0.8512039,1.5007257e-2,False
277,0.8017826,-0.873237,-0.19405806,False
276,0.66104805,0.62563753,-4.4640303e-2,True
275,0.38572288,0.59321296,-0.42269444,True
274,0.62506485,0.16820133,-0.3786868,True
273,-0.5090257,-5.581951e-2,0.5819844,False
272,-0.8869102,0.2222346,-0.46423984,True
271,0.6433265,-0.81617296,-0.85280764,True
270,-0.16497111,-0.45608687,0.21715736,False
269,0.66361964,-0.6722516,-8.788729e-2,False
268,0.53238535,0.3629217,-0.12887716,True
267,0.1599716,-0.70850456,0.48782742,False
266,0.92557013,-0.27531898,0.7308761,False
265,0.17937195,-0.8864529,-0.7467965,True
264,-0.8010942,0.8120489,-0.59129596,True
263,-0.5872146,-0.5438442,-0.34451842,True
262,0.96711934,9.244025e-2,-7.919884e-2,False
261,-0.3778963,0.5343766,-0.29834425,True
260,-0.3337654,0.46965134,0.72959435,False
259,-0.4608568,0.6179496,-0.8970145,True
258,-0.3517636,0.62377095,0.5747515,True
257,0.8475007,-0.55750775,-0.5000895,False
256,-0.7143781,-0.6863638,-0.5331845,True
255,-0.91083133,0.36236823,0.8409288,False
254,0.30908155,-0.26090658,0.5889894,False
253,0.48341894,-0.7929857,0.78523827,False
252,-0.82697856,-0.76592946,0.8969475,False
251,-8.0236554e-2,-0.33977103,0.9325832,False
250,0.7766588,0.20582354,-0.21898782,True
249,-0.46717262,-0.2797426,-0.555622,True
248,0.90152395,0.29474652,0.2819488,False
247,-0.34581125,0.23434067,-0.8949251,True
246,0.8671731,0.7173312,-0.3685043,True
245,-0.31810057,0.29716694,-0.20783043,True
244,-0.5427904,0.5287701,0.83528745,False
243,0.13382554,0.4049486,0.1463331,True
242,0.5627216,0.9252014,-0.6636926,True
241,0.6641995,-0.28669178,0.4447528,False
240,0.20223379,-0.4173807,-0.69396377,True
239,-0.39543498,-0.14162016,-0.741318,True
238,-0.3333429,-0.35112035,0.41349924,False
237,0.9215256,-0.60899174,-0.992882,True
236,9.169781e-2,-0.53449476,-0.38535666,False
235,0.8694891,-0.36024356,-0.3274479,False
234,0.71715975,0.5151111,-0.7439817,True
233,-0.3914932,-0.8554623,0.684286,False
232,0.30715084,-0.568864,0.23274255,False
231,-0.21526945,-0.3893571,0.25288773,False
230,-0.20220351,-0.6456393,0.84957504,False
229,-0.27542174,-0.1669513,8.610141e-2,False
228,0.2523892,0.78494453,-0.92399275,True
227,0.5299331,0.6976962,0.48666334,False
226,0.25521147,-0.4373411,8.9898705e-2,False
225,0.21574903,-0.17589688,-0.81697166,True
224,-0.19427335,-0.21704507,0.50938,False
223,0.71648633,0.33833182,0.6152202,False
222,2.6768446e-2,0.24863434,-0.52246654,True
221,-0.79043365,-0.9280338,0.23164964,False
220,-0.64973104,0.93931115,-0.77954626,True
219,-0.824456,-6.120479e-2,-0.15273666,True
218,0.23467517,-0.29438794,0.31223333,False
217,0.16907716,-0.6591413,0.822245,False
216,-0.6253711,-0.8982706,1.8436313e-2,False
215,-0.46889114,0.90016603,-0.893553,True
214,-0.21610606,0.902635,-0.3141173,True
213,0.50787294,0.34915257,-6.5814257e-3,True
212,0.12087381,0.9604269,0.89077723,False
211,0.59938467,-5.5577874e-2,0.40185153,False
210,-0.108566165,0.808352,0.48012054,True
209,-0.3842399,0.60114133,-0.89161944,True
208,-0.88327396,-0.7566165,-0.7598549,True
207,0.85382223,6.597054e-2,0.89454734,False
206,-0.21027327,0.8140249,-0.10175204,True
205,-0.95210516,-0.62284005,-9.087753e-2,True
204,-0.14842916,0.1368109,-0.3268751,True
203,0.971871,0.38136446,0.3545276,False
202,0.8709694,0.87230945,-0.87783825,True
201,0.42527366,-0.82034147,-3.9401293e-2,False
200,0.32894146,-0.8760184,0.60669553,False
199,0.18691981,0.24834561,-0.2603383,True
198,-0.89841485,-0.40555847,0.73155284,False
197,0.5715965,-0.18649745,-0.405967,True
196,5.1472068e-2,-0.46558905,-0.49108744,True
195,-0.95547223,8.6945534e-2,0.7703177,False
194,0.41903734,-0.26909757,0.77691257,False
193,-0.31648314,-0.72102094,-0.88740766,True
192,0.6198604,-1.447475e-2,0.34226978,False
191,0.46814942,-0.10107589,0.74388194,False
190,0.52201796,-0.20630503,-0.45391583,True
189,0.91769946,0.42930532,0.8228259,False
188,-0.38275552,-0.9504883,0.70537364,False
187,-0.23776174,0.63912785,-0.34578812,True
186,5.2742362e-2,-0.31385493,0.6945406,False
185,-0.7676029,0.87203646,-0.1388365,True
184,0.83054745,1.7106533e-4,0.87714183,False
183,0.7165215,0.13002753,0.7019198,False
182,-0.19233525,-0.75996983,-0.6748625,True
181,0.8333887,0.49157548,-0.8601104,True
180,-0.43806767,0.6716802,-0.4448949,True
179,0.38524938,0.86967623,-0.7726977,True
178,0.6114572,-0.6037246,-0.2835343,False
177,-0.83716846,-0.6374831,-0.5467408,True
176,-0.23996115,0.46366584,0.706895,False
175,0.36221492,-0.6489471,-0.36480308,False
174,-5.4198384e-2,-0.6295953,-0.4522078,True
173,0.7797744,-0.9524876,-0.18721747,False
172,-0.48432004,0.76221085,4.5771837e-2,True
171,0.2824993,0.7813791,-0.9737345,True
170,0.6129677,-0.54533017,0.40304625,False
169,0.82659805,-0.11308324,0.5302335,False
168,-0.9656788,0.37696826,7.410836e-2,True
167,-0.8646083,-0.67792404,0.38501406,False
166,-0.38525867,0.7856178,2.586329e-2,True
165,-0.9549643,0.47566617,-0.9295683,True
164,-0.63902986,0.45375,-0.47140956,True
163,0.12643051,-0.22902703,0.75155854,False
162,0.68983316,0.38863266,-0.82309496,True
161,0.6747651,0.59811413,-0.8348012,True
160,0.49001896,0.90927756,0.754145,False
159,0.7103361,0.5993743,0.87874806,False
158,0.6724254,0.91125023,-0.4363196,True
157,-0.15296578,-0.42612433,-0.7916696,True
156,0.36909318,9.362316e-2,-0.85429513,True
155,-0.2318101,0.22352862,0.8437426,False
154,0.46074498,0.28502822,0.46895576,False
153,8.681929e-2,0.99664843,0.10403013,True
152,-6.034124e-2,0.20732605,0.57781065,False
151,-0.26618063,0.61165845,0.80259204,False
150,0.5169189,-0.40741754,-0.28144455,False
149,0.9928194,-0.82857406,-0.311185,False
148,0.4733641,0.74081874,-0.87482023,True
147,-0.5004002,0.38930273,-0.91621375,True
146,0.65040123,-0.5947958,-0.48939192,False
145,-0.23474371,-0.56475115,-0.1981399,False
144,2.5865197e-2,-0.36237812,-0.16982639,False
143,0.59224164,0.29783142,0.11815035,False
142,-0.77012575,0.19600224,0.3940556,True
141,0.10819113,9.484792e-2,0.48513472,False
140,0.84107065,2.0916462e-2,-0.9322984,True
139,-0.8345765,0.17425656,-0.5015601,True
138,0.9683423,0.27209532,-0.5450245,True
137,-0.9038528,0.34282577,0.32968807,True
136,0.88441336,-0.24986398,0.38767982,False
135,0.7041384,0.78743756,-0.550858,True
134,-0.43712926,-0.7056136,0.6333109,False
133,0.48123872,0.2993754,0.50587916,False
132,0.6448674,0.90144396,0.9732684,False
131,0.9886842,6.1142564e-2,-0.543674,True
130,-0.16163075,-0.9856454,-0.73033893,True
129,0.47112072,0.40956223,-0.81952405,True
128,-0.63386583,0.69509995,-0.15355194,True
127,0.936036,0.5273553,0.27128196,False
126,-0.5769037,-0.24442518,0.6004747,False
125,0.6682899,-0.8316126,5.3931713e-2,False
124,0.23432362,0.17727602,0.38777375,False
123,0.5860603,-0.55623984,0.5457959,False
122,0.7673652,0.8913307,0.4175675,False
121,0.57541287,-0.31686378,0.1867938,False
120,0.68245256,0.8753418,-0.6117048,True
119,0.41684103,-0.15175319,-5.443287e-2,False
118,-0.3848275,-0.8101784,-0.3371694,False
117,0.6620662,0.87981474,0.68945277,False
116,0.8754991,-0.12445605,0.7895522,False
115,-0.20101488,0.709672,-0.32444882,True
114,-0.9103937,0.7041532,0.46854126,True
113,0.5243957,0.13340819,-0.73927057,True
112,0.6676835,-0.3515637,0.5917343,False
111,-0.11604929,0.3935951,-0.94595397,True
110,0.21638227,4.934907e-3,0.53200185,False
109,1.6943097e-2,-0.172966,4.410875e-2,False
108,6.0192585e-2,0.39039397,-0.48289847,True
107,-0.4129945,-0.7084484,0.34323096,False
106,-0.43682778,0.85143256,-0.17392349,True
105,0.1883738,0.6670613,-0.76642764,True
104,0.39183843,1.3147473e-2,-0.40149665,True
103,-0.8486873,-0.43024945,-0.22836912,True
102,-0.9574177,0.5690285,-0.7250575,True
101,-0.48227727,-0.87432015,-0.8497052,True
100,0.23176992,0.6481421,0.9942727,False
99,0.93513465,0.8121575,-0.15396011,True
98,-0.46413982,0.5503582,-0.80690944,True
97,-0.8840997,0.8524958,0.1588856,True
96,0.6936717,-0.3420291,-0.47791052,False
95,0.8310518,-0.5411514,-0.40360355,False
94,0.13639164,-0.86150384,0.32834804,False
93,-3.251791e-3,-0.35475266,0.81625676,False
92,-0.24562967,0.4026786,-0.36163723,True
91,-3.835678e-2,1.3467789e-2,-0.18649971,True
90,-0.59130156,-8.289576e-3,0.97138536,False
89,-8.2407e-3,0.6011132,-0.9674833,True
88,-0.82237244,-0.3802421,-0.6180161,True
87,-4.000342e-2,0.11786461,0.23566759,False
86,0.58033526,0.4373082,-3.500235e-2,True
85,0.71425116,0.7189475,-0.6316812,True
84,-5.1986217e-2,0.79733455,-0.24330282,True
83,-0.2540028,-0.8086642,-0.80161774,True
82,-0.9643351,0.6135795,0.514254,True
81,-0.50933313,0.6997094,-0.98832595,True
80,0.6553832,0.568751,-0.951059,True
79,0.31970155,-0.38382685,0.612785,False
78,0.7727339,0.7103174,-0.81925166,True
77,-0.4937569,-0.42467391,0.6174178,False
76,-0.49006355,0.64324486,-0.34335864,True
75,-0.2354672,0.5646647,0.7079108,False
74,0.52932537,-0.32914317,0.48962414,False
73,-0.21463084,-7.565701e-2,-0.60704947,True
72,0.52266383,-0.67746353,0.17023635,False
71,0.4195981,0.59687173,-9.4079375e-2,True
70,0.7613225,0.3201623,0.5335934,False
69,0.8849529,0.6194335,-0.13563967,True
68,-0.32104647,-0.47710478,0.15304029,False
67,0.14328015,0.97352564,0.4225968,True
66,0.20658219,-0.22664416,0.11319196,False
65,1.5121698e-3,0.9198234,-0.26891506,True
64,0.12144661,0.25291204,0.9516257,False
63,-0.23568964,4.4876933e-2,0.8987746,False
62,-0.9332806,-0.8397304,0.5484052,False
61,-0.6116015,-0.5549177,-0.11613214,False
60,0.5483422,-0.19300008,-0.59780896,True
59,0.55256605,4.5719266e-2,-0.13766277,False
58,0.8071898,-0.39605284,0.47868013,False
57,-0.1642381,0.5317042,-0.8603165,True
56,0.6503022,0.72045946,-0.67233455,True
55,0.9604392,0.58028483,-6.446314e-2,True
54,0.36796474,0.10021806,-0.8624188,True
53,0.61716926,0.2745477,-0.33387744,True
52,-0.84802806,0.92232716,-0.1265924,True
51,0.88564706,0.4882455,-3.707874e-2,True
50,-0.69182646,0.830876,0.3072735,True
49,7.586396e-2,0.52727807,0.5061463,False
48,-0.14073706,0.60178924,0.3712622,True
47,0.25837338,-0.33400464,-0.16602504,False
46,0.29815006,-0.91494834,-0.69538474,False
45,0.7332574,-0.20378292,-0.36029887,False
44,0.39978218,-6.8715215e-2,-0.6280495,True
43,0.266827,0.56443095,8.805323e-2,True
42,-0.6561283,-0.676731,0.84494865,False
41,-0.30645013,-0.50453866,-0.53691566,True
40,-1.2789488e-2,0.78906786,0.5315064,True
39,0.58147836,0.43240166,0.66061664,False
38,0.9852482,-0.85850084,0.5890807,False
37,0.651209,0.26884484,0.8412814,False
36,-0.6788113,-0.58420265,-0.25025594,True
35,0.2450496,0.38354087,-0.3510443,True
34,-0.4385246,0.83997035,-0.19097233,True
33,0.3125943,0.54709613,0.8977231,False
32,-0.4584434,0.13923454,-0.5979903,True
31,0.20556068,0.7324176,0.84309995,False
30,-0.9231278,0.3450632,-0.7240945,True
29,0.1488533,0.8687005,-0.43586266,True
28,-0.4538796,-0.41240263,5.972004e-2,False
27,-0.4704919,0.38006675,-9.7010255e-2,True
26,-0.36099565,0.24462879,0.12423074,True
25,-0.26425707,3.9397955e-2,0.69675386,False
24,-0.6382278,0.5045564,-0.7279253,True
23,-4.9455643e-2,0.65119183,0.9997909,False
22,0.22644544,-0.30440927,-0.5496869,True
21,0.95638084,0.32157528,0.6067518,False
20,-0.27671552,0.19882238,0.31715298,False
19,0.26293874,-0.78914845,-0.8356031,True
18,-0.93675435,0.6735177,-0.9117526,True
17,0.86595416,0.31496966,-0.93062747,True
16,-0.2835163,0.79149234,-0.83010614,True
15,-4.8120618e-2,0.120396495,0.14363348,False
14,-4.335046e-3,-0.7019081,-0.16421294,False
13,0.12973404,0.33866942,-0.38224423,True
12,0.72874486,0.6918535,-0.58843255,True
11,0.75676847,-0.17601538,-0.5191096,True
10,-0.46799874,0.7494769,0.42214477,True
9,0.6289648,0.48913348,-0.15123153,True
8,-0.4417839,0.21331096,-0.8897371,True
7,3.456676e-2,3.8411736e-2,0.49811816,False
6,0.7372761,1.4423966e-2,0.22722197,False
5,0.23520851,0.32617986,-0.15932238,True
4,0.1680044,-0.7456027,0.977656,False
3,0.24770379,-0.11595607,-0.95136154,True
2,6.0794592e-2,-0.29557788,-0.5541445,True
1,-0.14698267,0.846063,-0.10417104,True
0,0.63917744,9.780884e-3,0.28136742,False
