999,-0.29756868,0.5789647,0.60518014,True
998,0.18190956,0.12694001,0.53480077,True
997,0.14744925,0.27368665,0.8432113,True
996,-0.6119509,0.95858824,0.3910538,True
995,3.6348104e-3,0.3142041,-0.38479805,False
994,0.8318454,-0.4240198,0.20364904,True
993,-0.11093223,0.17146242,-0.31419516,False
992,0.5143571,-0.20564222,-0.8926443,False
991,-0.9093535,-0.45602155,0.50068927,True
990,-8.1828594e-2,-5.6996346e-2,-0.483804,False
989,-0.80401695,-0.6066228,0.6052762,True
988,-0.21878445,0.3389927,-0.7712914,False
987,-0.67630076,-8.420968e-2,-0.13813567,False
986,0.542758,4.4774294e-2,0.9224863,True
985,-0.99142265,0.7402011,-2.0662665e-2,False
984,-0.40544093,-0.42522025,-0.47264552,False
983,0.57952607,0.89804256,0.52963567,True
982,0.54138744,9.002113e-2,0.39460826,True
981,0.41040945,0.113672614,0.7152519,True
980,0.7088423,0.16610014,-0.37190092,False
979,-0.570048,0.9358995,0.36526418,True
978,8.621454e-2,0.8128629,0.87765145,True
977,-0.93243015,-2.1840453e-2,7.637823e-2,True
976,-0.42829347,0.19115663,-0.7423661,False
975,-0.5018616,0.87955666,-0.2744658,False
974,-0.19225347,-0.8103819,9.954238e-2,True
973,-0.6128417,-0.8397075,0.13524663,True
972,0.9918989,-0.582801,0.5426568,True
971,-0.32786345,-0.58315134,-0.58436096,False
970,-0.5752276,0.96898556,-0.28568602,False
969,-0.90522945,1.0574579e-2,0.91536987,True
968,-0.14627779,0.96768653,3.878057e-2,False
967,-0.6768806,-0.7887769,0.3746345,True
966,0.6715839,-0.48775625,-0.6604625,False
965,-0.7500478,-0.62616336,-0.4892671,False
964,-0.9705552,-0.7220261,-0.11154175,True
963,-0.6033679,0.32335234,-3.3320308e-2,False
962,-0.46966136,-0.68849885,-0.4247737,False
961,0.6527859,0.11310303,0.5568725,True
960,2.7540445e-2,0.23947036,-0.9718586,False
959,0.14169037,-0.82620585,-0.97150016,False
958,-0.48021078,0.28825974,0.30120885,True
957,0.71559393,5.4087758e-2,-0.94253695,False
956,-0.5507643,-0.7054404,0.3017155,True
955,-0.93971825,0.2027446,0.97686446,True
954,0.2843448,7.433224e-2,-0.92500985,False
953,0.6012274,-0.80434346,0.46725988,True
952,0.15012074,-0.7510356,-0.58508015,False
951,-0.23850715,-0.8510568,0.8972204,True
950,-0.6356424,0.40232122,0.9579474,True
949,-0.2636789,-0.9915123,-0.14834249,True
948,0.91902614,-0.4908638,-0.1211555,False
947,-0.54869497,-0.32419372,0.5228088,True
946,-0.7837999,0.89585626,0.3790214,True
945,0.46808743,0.9534979,0.655347,True
944,0.84803116,0.27147257,1.9230843e-3,False
943,-0.20204687,-0.2762053,-0.20124304,False
942,0.25206017,0.6176287,-0.8906168,False
941,0.7670262,0.72973037,-0.80463886,False
940,-3.457558e-2,-0.8978144,0.17189717,True
939,0.45979822,0.14364147,-0.5391911,False
938,0.47752035,0.22478783,-0.8202162,False
937,-0.19323397,0.13266051,0.5111337,True
936,0.2369175,-0.14436305,0.97177625,True
935,-0.42153645,-0.14033782,8.70142e-2,True
934,-0.8247764,-0.38539958,-1.395905e-2,True
933,0.27353275,0.96420276,0.13451254,False
932,0.71962965,-0.7283156,0.99920034,True
931,0.54392886,-4.626739e-2,0.2121377,True
930,0.53673184,-0.66558504,0.18666399,True
929,-0.13029182,-0.33616555,-0.88075244,False
928,0.4028679,0.8801551,-0.99505365,False
927,0.29318416,-0.63406897,-0.8126384,False
926,-0.8591106,0.84243894,0.45439386,True
925,-0.41922557,0.17780781,-0.7897352,False
924,-4.4595003e-3,-0.70871186,-0.9653897,False
923,0.60140324,-0.5007386,-0.4989617,False
922,-0.62731445,0.23741555,0.5569035,True
921,0.3281362,0.9852444,-0.49097145,False
920,0.8199655,-0.9200082,0.5416373,True
919,-0.73841536,0.9436977,0.7553127,True
918,0.4350897,-0.23865914,-0.5136516,False
917,-0.9807364,0.46972668,0.70187974,True
916,0.8080809,0.6709808,-0.52300906,False
915,-0.23700905,-0.28490973,-0.66799235,False
914,0.62323916,0.98599637,-5.427599e-2,False
913,0.39448845,4.7672987e-2,0.70520663,True
912,5.8318138e-2,-0.6624807,1.092422e-2,True
911,0.37407255,-5.7637095e-2,-0.48185503,False
910,-7.55533e-2,-0.14640665,0.35112274,True
909,-0.4269457,-0.39172482,-0.5721338,False
908,0.9662299,-0.76143,0.42634523,True
907,-0.79020035,-0.55482185,-0.23745942,True
906,2.9778123e-2,-0.64485776,-0.4255513,False
905,0.34449077,9.283006e-2,-0.3003974,False
904,0.35634172,-0.8540163,1.1402488e-2,True
903,-0.51452804,-0.2738775,-0.14330542,False
902,-0.45088947,0.5648612,0.73575485,True
901,0.5865989,-0.55353713,0.36536014,True
900,-0.1335653,-0.79531527,-0.22810793,True
899,-0.74814343,-0.72801006,-0.3457328,False
898,0.8990829,0.9682106,0.97651684,True
897,8.367157e-2,0.9006691,0.13487363,False
896,0.12656105,0.9897059,0.9113152,True
895,0.27234912,-0.31604826,0.3952781,True
894,-0.9111513,0.53028405,-0.58055115,False
893,-6.764698e-2,-0.48364568,-0.7789602,False
892,-0.6735054,0.41043913,0.47090757,True
891,-0.7170874,0.7432804,4.3899894e-2,False
890,0.6711782,-0.13059211,0.57262504,True
889,0.29127598,-0.9684417,0.39071763,True
888,-6.616533e-2,-0.37246358,0.34953701,True
887,-0.9306544,-0.5503409,4.230404e-2,True
886,-0.7139628,7.124114e-2,0.9934572,True
885,-0.5813564,0.32287073,-0.55235624,False
884,-0.3271978,0.7219838,-0.2801317,False
883,-0.765409,0.33762455,-0.113073945,False
882,0.42978442,9.0391755e-2,0.38795507,True
881,-0.43006194,-0.25293744,-0.14925432,False
880,-2.7740479e-2,-0.5069051,-0.44426274,False
879,0.3261075,-0.38733828,-0.7435901,False
878,-0.3044492,-0.61785865,-0.92174935,False
877,0.57310104,-0.41359162,0.48456323,True
876,-0.63725674,-0.89639044,-0.14425027,True
875,-0.8562145,0.21522808,-0.2617092,False
874,-0.9120879,0.7444843,0.19297671,True
873,0.70722795,-0.82906365,0.23980892,True
872,-0.487422,0.24179292,0.18701446,True
871,-0.46164358,-0.67338777,-0.6207539,False
870,0.5893254,0.40962088,-0.34603226,False
869,0.9317806,6.0043573e-2,-0.88154566,False
868,-0.7409376,-0.43313968,3.3099174e-2,True
867,0.739944,-0.80830157,-0.20474362,False
866,-0.2876954,0.84624827,-0.9400898,False
865,0.2517761,-0.9011233,-0.8237666,False
864,0.32502842,0.13603306,-0.17423391,False
863,-0.17146075,0.798592,-0.4471922,False
862,0.68736124,-0.83917165,-0.12581599,True
861,0.59581935,2.2086024e-2,-2.8141022e-2,False
860,0.3967235,-0.52031136,0.4976251,True
859,0.7297598,-0.4474331,-0.809201,False
858,-0.5152675,0.8520069,0.12779367,False
857,0.5255822,-0.74313295,-0.442474,False
856,-0.20192015,0.6846043,-0.7880763,False
855,0.58317316,0.7875074,-0.43997824,False
854,-0.56419265,-0.97307146,0.78639066,True
853,-0.9215512,-0.42271936,0.62394786,True
852,0.49289095,0.80640614,0.17041302,False
851,-0.66115034,-0.9826226,-0.32644963,True
850,-0.53625715,0.31506133,2.684486e-2,False
849,-0.4245088,0.22891569,0.77803004,True
848,-7.5115085e-2,-0.33016348,-0.79160404,False
847,-0.5600054,0.6746931,-0.18299639,False
846,0.821576,0.2633288,-0.66626346,False
845,-5.2999973e-2,-0.46804702,0.35319817,True
844,-0.8221388,0.8262104,0.982208,True
843,0.5998887,-0.3441658,-0.64810073,False
842,-0.8560816,-0.66018355,-0.16212213,True
841,-0.8767834,0.33814895,-9.069657e-2,False
840,-0.7514018,-0.18511772,-2.996254e-2,True
839,-0.7712879,-0.7354176,0.3126595,True
838,0.4235177,0.9578564,0.9252955,True
837,0.4992988,-0.6387733,0.7779561,True
836,-0.89441955,0.29326642,-0.1825366,False
835,-0.32996976,-0.1762749,-0.6962682,False
834,-0.8928623,-0.45557356,0.48154902,True
833,0.76315653,-0.61458373,0.62812674,True
832,-0.7431072,-0.36374092,-0.97279525,False
831,-0.7582636,-0.88096404,0.3026502,True
830,-0.19710994,-0.2930839,0.21312654,True
829,0.8399694,-0.86699474,0.37394667,True
828,0.13835967,-0.5190815,0.96266294,True
827,0.41627598,0.7104511,-0.60906553,False
826,0.75066924,0.12562966,-0.10044563,False
825,0.732242,0.46680188,-0.6722661,False
824,-0.9140711,-0.9811424,0.56778955,True
823,-0.59360695,0.4502939,0.25891423,True
822,-0.94573915,0.5163168,-0.97085917,False
821,-0.6486695,-0.814726,-0.7683381,False
820,0.5793252,0.89021015,-0.34444022,False
819,0.64782214,-0.92326367,0.9019662,True
818,0.10720515,-0.84925973,0.1501323,True
817,-0.4640653,-0.8253484,-0.6671647,False
816,0.37934613,-0.5063695,0.10330391,True
815,0.8100568,0.6885879,-0.78488016,False
814,0.5172249,0.37227666,-0.8602277,False
813,0.9831834,0.45268774,-7.123566e-2,False
812,-0.6302794,0.89561796,-0.3144641,False
811,-0.18286943,-0.7820891,-0.6785184,False
810,0.8078456,-0.51495695,0.5359223,True
809,0.67933726,-0.8097991,-0.11001599,True
808,0.3030764,-0.6067978,-4.0863752e-2,True
807,-0.6867211,0.5873221,-0.1504879,False
806,-5.9696198e-2,-0.90333045,-0.15353572,True
805,3.3860087e-2,-0.8343849,0.66217375,True
804,-0.43815267,-0.6067506,-0.40724242,False
803,0.4092096,-0.74967325,-0.7936702,False
802,-0.29061496,-0.43924928,0.26127076,True
801,0.5564532,-0.24577606,0.28415835,True
800,-0.86361897,6.5408826e-2,0.9317138,True
799,-0.31232846,-0.79144585,-0.44545293,False
798,-0.77747965,-0.70498157,0.42452765,True
797,-0.96873283,-0.3210045,-0.536641,False
796,-0.3465737,0.32348108,-0.48858273,False
795,-5.4427862e-2,-0.6787542,0.525952,True
794,0.62657356,0.5423424,-0.56029725,False
793,-8.6295605e-4,1.3675809e-2,0.4996413,True
792,0.19388103,0.97836065,0.25016832,False
791,-0.31945622,-7.001424e-2,-0.318475,False
790,0.8331094,-0.12363052,0.37047362,True
789,0.31682408,-0.44794357,-0.2646128,False
788,0.10482395,-0.40415227,0.4285326,True
787,0.40277576,0.80443645,0.13928556,False
786,-0.43996215,-0.2841549,-0.8167622,False
785,0.6298692,-0.7945336,0.26223207,True
784,0.4916711,-0.8798492,-0.71871233,False
783,0.755088,0.5340463,0.4964975,True
782,0.84809995,-0.86485493,0.50130117,True
781,-0.41118002,-0.66046596,0.7381749,True
780,0.9012289,-0.82974494,-0.21609724,False
779,-0.49584568,0.790975,0.9234115,True
778,5.0165415e-2,0.523857,0.6442604,True
777,-0.8359586,0.8323226,1.1273265e-2,False
776,-0.5632198,-0.9967978,-6.671846e-2,True
775,-0.33080566,0.56758773,4.1509867e-3,False
774,-0.35696363,-9.478474e-2,-3.7244678e-2,True
773,-0.5793364,0.101418614,-0.45890296,False
772,0.6307323,0.2966056,-0.70180976,False
771,0.94919515,0.15117085,-0.555652,False
770,6.869006e-2,-0.25068855,0.29164302,True
769,-0.547017,0.73678267,0.8284304,True
768,0.8015404,0.5955634,0.6891234,True
767,-0.9946641,0.4475124,-0.7814561,False
766,-0.21669662,-7.417071e-2,-0.9138936,False
765,-0.7213981,0.3376788,-0.35188186,False
764,0.58722496,-0.3511933,-0.41993368,False
763,0.93422437,0.6121776,-0.21391964,False
762,0.19138145,-0.9863678,-0.46131647,False
761,4.389572e-2,-0.2416004,-0.4651196,False
760,-0.61171186,-0.99637043,5.465865e-3,True
759,-0.3537042,-0.17505407,-0.17453742,False
758,-0.39279318,-0.5013876,0.9080895,True
757,-0.5838717,-3.8491488e-2,0.90743995,True
756,0.23131955,-0.30593932,0.37535453,True
755,0.40493822,-0.23062813,6.6768646e-2,True
754,0.4498737,0.2472775,0.18760979,True
753,0.30751753,-0.48072255,0.43104303,True
752,-0.49575698,0.16423237,-0.34521866,False
751,-0.43921196,-0.87351036,-0.49971128,False
750,-0.24634516,-0.8198843,-0.788746,False
749,0.16125369,0.5812472,0.5841478,True
748,-6.0254574e-2,0.6019943,-0.831625,False
747,-3.543377e-2,0.35525274,0.2917509,True
746,-4.9643397e-2,-0.5971968,-0.14485312,True
745,-0.5873103,0.68493855,0.41713846,True
744,0.5192338,-1.8970966e-2,-0.10038483,False
743,-0.6202564,0.19135928,0.23082376,True
742,-0.11669886,-0.22361505,0.24405849,True
741,-0.6353301,-0.3544011,-1.416719e-2,True
740,0.7541112,-0.4887539,-3.3866525e-2,True
739,-0.30485833,0.2698964,-0.6266421,False
738,-0.226838,-0.5524663,-0.7176491,False
737,0.47258878,0.8495637,-0.31032586,False
736,0.39546955,-0.26825,-1.4985561e-2,True
735,0.8133005,0.9137379,-0.5915359,False
734,0.44667614,-0.48133492,-0.1578871,False
733,0.9504328,0.6423267,0.3341068,True
732,0.6920699,0.5177976,0.77415967,True
731,0.94472384,-0.8216338,0.6110004,True
730,-0.44094157,0.38878667,0.8623258,True
729,-0.45762432,0.56756616,-4.5056343e-3,False
728,-0.9442333,0.75760806,-0.47495747,False
727,-0.12301648,0.5165491,0.7770232,True
726,0.56865394,-0.83922625,-0.91010237,False
725,0.7920402,-7.089305e-2,0.97055316,True
724,-2.7623057e-2,8.665717e-2,0.6791738,True
723,-6.981027e-2,0.48311067,0.9230747,True
722,-0.8106173,-0.36847723,0.7497089,True
721,0.5987693,-1.2395024e-2,0.5485743,True
720,-0.21374798,0.29519033,0.49660385,True
719,-0.76901984,3.703332e-2,0.9586519,True
718,0.54063284,-0.1747663,0.7392825,True
717,-0.9854357,0.9475647,-0.45680344,False
716,-0.6769687,-0.29725635,0.57495666,True
715,0.54610205,-4.1068673e-2,-0.9852458,False
714,-0.6135895,-0.3685974,-0.17347348,False
713,-0.41301823,0.346089,-0.8220557,False
712,1.4902353e-2,0.9148083,-0.19055724,False
711,0.934203,-0.2417233,0.40254986,True
710,6.745887e-2,-0.108578324,0.53218985,True
709,-0.7549579,-0.9006171,0.96649075,True
708,-0.8538779,0.6462039,0.8782648,True
707,0.94947314,0.8275634,-0.7339822,False
706,9.468651e-2,-0.6795664,5.240631e-2,True
705,-0.5481113,0.3228091,0.43499827,True
704,-0.17520416,-0.9961804,8.3825946e-2,True
703,-0.20318818,0.9524499,0.9433234,True
702,0.91965806,-8.2966566e-2,0.20479679,True
701,6.886876e-2,0.5269451,0.72321796,True
700,-0.99251723,-0.553131,-0.7410369,False
699,0.24018323,-0.4344306,0.3072307,True
698,-0.2752123,0.5662192,-2.2062063e-3,False
697,0.33927393,1.3442516e-2,-6.555319e-4,False
696,-0.99618554,-0.15591884,0.16924047,True
695,-0.48483515,-0.31589937,0.3535583,True
694,0.8765681,-0.30406225,-0.46199286,False
693,0.7511666,0.7265589,-0.17833173,False
692,0.9779148,0.38255703,-0.5770775,False
691,-0.22423899,-0.16144657,0.2486186,True
690,-0.1572622,0.77926016,-0.28189123,False
689,-0.5618949,-0.27121997,-0.6871581,False
688,0.13801217,0.7306695,-0.20270658,False
687,-0.46887434,0.5562533,0.9104053,True
686,0.5574814,-0.3854432,-0.2829287,False
685,0.74169767,5.1186085e-2,-0.3113407,False
684,0.2572081,0.5313264,0.6537117,True
683,0.29970443,0.44388187,-0.23226488,False
682,-2.3417592e-2,-0.7075851,-0.17444503,True
681,-0.17130017,0.675205,0.89390874,True
680,-9.641433e-2,-0.82915974,3.587842e-2,True
679,0.8177271,-8.407366e-2,0.77037585,True
678,-0.9138714,0.15374804,0.94777167,True
677,0.7677388,-0.99446857,-0.92728186,False
676,0.30908358,0.1361419,-0.90026116,False
675,-0.43700147,-0.17164147,-0.48173523,False
674,-0.21322012,-0.82420063,-0.8502116,False
673,-0.7677419,-0.28432322,0.19206059,True
672,0.33605862,2.1580458e-3,0.10688853,True
671,-0.21155679,-0.6239619,0.87471426,True
670,1.3721466e-2,-0.82998216,-0.30261672,False
669,-0.6848407,-0.27768588,-0.7624086,False
668,0.9659202,0.99837613,0.22976911,False
667,0.3447709,0.9513415,-0.46030593,False
666,-0.16133511,-1.7589092e-2,-0.22320247,False
665,-0.32033408,-0.28888035,-9.429896e-2,True
664,-0.57868004,0.5633794,-8.397734e-2,False
663,0.29311347,0.20062387,-0.16474771,False
662,-0.5925194,0.26349163,-7.022965e-2,False
661,-0.14888442,0.39104974,0.67221653,True
660,0.6689161,-0.7851696,-0.37208486,False
659,-0.31495702,-0.9107462,0.37138617,True
658,-0.77156246,0.9665426,-0.88506055,False
657,0.554018,0.6973189,0.5844531,True
656,0.7183974,-0.34192133,0.4922371,True
655,-0.17371929,-0.3456161,0.91991377,True
654,-0.75092506,-0.8862554,0.63140976,True
653,-0.24743223,0.19792259,0.7842332,True
652,-0.37871838,0.5957066,0.105737805,False
651,-0.98145807,-0.6964412,0.7985314,True
650,-8.756518e-3,4.684925e-4,-0.5188906,False
649,-0.9930892,0.8496617,0.21940911,True
648,-0.35797977,0.82734156,-5.660534e-3,False
647,-0.8050364,-0.4193858,0.57287514,True
646,0.45680892,0.6191944,0.9612247,True
645,0.4935739,-0.9912318,-0.6263317,False
644,-0.14650106,-0.4458382,-0.36503792,False
643,-0.45880675,-0.42532313,-0.7620877,False
642,-0.9688659,0.7784194,0.56183434,True
641,9.773958e-2,0.573375,0.70398605,True
640,0.6308514,-0.9226767,0.33784032,True
639,0.8227118,0.19384778,0.44544077,True
638,-0.52187777,-0.6598846,-0.8328011,False
637,-0.71499443,-9.706688e-2,9.116113e-2,True
636,-0.15154338,0.18733561,-0.51936984,False
635,-0.91620016,0.114999175,-0.44340706,False
634,-0.3672732,0.124735355,-0.10366225,False
633,0.339038,0.86892295,0.7874223,True
632,0.9232427,-0.24762034,-0.55536973,False
631,-2.1205425e-2,-0.67325056,-3.7196994e-2,True
630,0.3976506,0.7309923,0.98978007,True
629,0.123990655,-0.2696545,0.192958,True
628,-0.33679807,0.52546024,-0.6474725,False
627,-0.9533931,0.73292744,0.926785,True
626,3.214097e-2,0.5993471,0.28367865,True
625,-0.8896483,-0.6661924,-8.265567e-2,True
624,-0.61013854,-0.13062465,-0.77003944,False
623,0.8126335,-0.71529377,-0.21688366,False
622,-0.3419094,-0.2079556,0.3560934,True
621,-0.8351048,0.30656505,0.7683301,True
620,-0.7595296,-0.16289055,-0.47773588,False
619,-0.34570062,-0.5290792,0.10111284,True
618,-0.6829487,0.19948006,0.28674233,True
617,0.18368864,0.71975064,9.5256686e-2,False
616,-0.2332542,-0.8804343,0.77904594,True
615,0.804875,-0.58442056,0.17534947,True
614,0.8584579,-0.10858786,-0.9480182,False
613,0.8148289,-6.4530015e-2,0.9868022,True
612,-0.80986464,0.99444795,0.22685099,True
611,-0.14366376,0.22211981,-0.46202064,False
610,-0.7112484,0.18267286,-0.35587883,False
609,-0.45659864,-0.5982858,0.6926681,True
608,0.84400535,0.6021712,8.091056e-2,False
607,0.107846975,-0.795478,-0.33755565,False
606,0.47683287,-0.4652878,0.65585864,True
605,-0.8387413,-0.105273366,-0.4134251,False
604,-0.39671624,-0.851601,-0.7018578,False
603,0.62310684,-0.49244642,-9.863019e-2,False
602,-0.13486731,-0.18393219,-0.43139994,False
601,-4.2537212e-2,-0.9076477,-0.92921996,False
600,0.59919584,-0.83923995,-0.55052114,False
599,0.601117,-2.1146059e-2,-0.99960876,False
598,0.91998553,-5.5672526e-2,0.35869586,True
597,0.49302113,-0.37979913,0.61302876,True
596,8.265209e-2,-0.8357955,0.23456323,True
595,0.55043507,-0.68285275,0.20577765,True
594,-0.52256036,-0.48157763,0.14930785,True
593,0.38008416,-0.69746375,-2.1526098e-2,True
592,0.5570868,0.8626356,-0.8512726,False
591,-0.8533454,-0.8376856,0.7836751,True
590,6.284678e-2,0.6399058,0.97806036,True
589,-0.26518106,0.30021143,0.3999176,True
588,-0.6727989,-0.26744413,0.59961617,True
587,0.75146246,0.1726551,0.42616248,True
586,0.21854305,-0.7559674,0.25858188,True
585,-0.83004785,0.62333834,0.12729359,True
584,0.9189719,-0.44822407,-0.6492026,False
583,-0.35393167,0.47071087,0.5780649,True
582,-0.565315,-0.9601433,-0.9482416,False
581,0.44972718,-0.30620682,-0.7840692,False
580,0.37003875,-0.9677658,-0.8006412,False
579,-0.7566383,-0.259768,-0.9713918,False
578,0.79294264,-7.016218e-2,0.10432291,True
577,-0.49146986,0.950385,-0.9607985,False
576,0.5775187,0.2958933,-0.8125509,False
575,-0.8246106,0.7756624,-0.9577154,False
574,0.52084804,-0.20070589,-0.8445393,False
573,-0.84441733,-0.4023465,-0.5889075,False
572,0.28659177,0.10846496,0.9676826,True
571,0.9432312,0.75476825,0.25226307,False
570,0.24900055,0.8129418,-0.25146675,False
569,-7.897282e-2,0.9548271,-0.7815765,False
568,-9.14551e-2,0.30518818,-0.4144888,False
567,-0.17887235,-0.55816233,8.7450266e-2,True
566,-0.8359084,-0.52426815,0.5458225,True
565,0.15636921,0.6618979,-0.78560066,False
564,-0.14695346,-9.9787116e-2,-0.1298405,False
563,3.2918453e-3,-0.47739244,0.14517617,True
562,0.3645395,-0.18330777,-0.3931359,False
561,-0.75416815,-0.4802655,-0.48859584,False
560,0.10091269,0.14336526,-0.40778458,False
559,0.14689147,0.6493156,0.5701624,True
558,0.8090575,-0.8187237,-0.42836416,False
557,0.5979812,-0.22808921,0.1175611,True
556,0.5027971,7.389188e-3,0.41979718,True
555,0.3721335,0.4043858,-2.4308443e-2,False
554,0.47142243,-0.8342681,-0.9251901,False
553,0.9996747,-0.48368347,-0.9804028,False
552,-0.22249329,-8.3747506e-2,-0.76832247,False
551,-0.767452,0.24258602,-6.9020987e-3,True
550,-0.90091777,-0.54753935,0.7000147,True
549,-2.2855163e-2,0.6780571,0.9014046,True
548,0.6943902,0.99319875,0.4466039,True
547,-0.253358,0.36266208,0.8350744,True
546,0.95233643,0.28062034,-0.13150012,False
545,-0.85411084,0.8078325,-0.1251241,False
544,0.8406122,-0.9811702,-0.37927508,False
543,0.958532,0.16427839,0.33065128,True
542,-0.13036573,-0.7705499,-0.3316493,False
541,-0.6379932,-0.96604705,-0.77660453,False
540,-0.1381135,-0.19912338,0.6623255,True
539,-0.46027827,0.57661057,0.59360874,True
538,-0.23482847,0.66917276,-7.315564e-2,False
537,-0.13721716,-0.5687901,0.6337968,True
536,-0.6968701,-0.29153872,0.44425428,True
535,0.47329593,-0.5463464,-0.3945917,False
534,-0.1423384,0.59807444,7.800269e-2,False
533,0.3606323,-0.9533391,-0.71305084,False
532,0.92979395,0.9032531,-0.35324275,False
531,-0.85788894,0.34162772,-0.73090434,False
530,0.35685492,0.85095835,0.62685573,True
529,-0.108813524,0.8594513,-0.64200985,False
528,-0.8490826,0.794464,0.26492512,True
527,-2.54426e-2,-0.74093425,-0.12557995,True
526,0.7692183,0.19929814,0.7919787,True
525,-0.5435859,0.66758287,-0.76037,False
524,0.987296,0.7464795,-0.7956288,False
523,0.89939094,0.8283659,0.8332274,True
522,-0.30753458,0.3275,-0.46716332,False
521,-0.9073311,0.9301275,0.43247664,True
520,0.8824588,-0.22256982,-0.38327873,False
519,0.5235392,0.7912966,-0.6929753,False
518,0.31286,-0.497584,0.24104238,True
517,0.58503735,0.5402082,0.8984264,True
516,0.6106224,-0.6565958,-0.43984914,False
515,-0.9194411,3.6305547e-2,-0.3162377,False
514,0.15505993,-2.9879808e-2,0.94523215,True
513,0.58053136,0.10989404,0.989303,True
512,0.7398499,-0.7519671,-1.5445113e-2,True
511,0.20646453,0.9879601,0.96737945,True
510,0.5274167,-0.32004607,-0.6621287,False
509,-0.5973736,-0.30956125,0.5519302,True
508,-0.52267313,-0.45339513,0.21930122,True
507,-0.6632123,0.5399829,-0.71907544,False
506,0.9149934,-0.8603772,-0.7394179,False
505,-0.18898511,-0.55694366,-0.22757792,False
504,0.7460929,0.6649374,-0.31027257,False
503,-0.82193434,-0.862115,0.22015226,True
502,-0.9745579,0.37304592,-0.9093404,False
501,-0.9682784,0.19854844,0.574702,True
500,-0.8553643,-0.30297756,-0.1022234,True
499,0.21893692,0.18568134,0.82022274,True
498,0.17242992,-0.38124216,0.87802124,True
497,-0.26982546,-0.16445065,-1.3374329e-2,True
496,-0.22334313,0.8810934,0.7436569,True
495,-0.7536162,-0.6103282,-0.85975206,False
494,0.4397925,-0.64909303,0.8304213,True
493,-0.11587417,-0.26199007,-0.7453605,False
492,0.647766,-0.60620546,0.98870265,True
491,0.8640654,0.5207882,-0.15234804,False
490,0.17110121,0.883353,-0.24549985,False
489,-0.13226855,0.98179996,-0.59511614,False
488,-0.79630506,-0.6331252,-0.807706,False
487,-0.7565048,6.8746924e-2,-0.79433024,False
486,1.8393636e-2,0.24897182,-0.96235025,False
485,-0.43818676,-0.64824,0.49117565,True
484,-2.4007201e-2,4.498005e-3,-0.8969829,False
483,-2.4380207e-2,-0.40842915,-0.8349129,False
482,0.5323409,0.53706586,-0.13985407,False
481,0.57263696,-0.25792706,-0.70252454,False
480,-0.99558175,-0.8594575,0.68607044,True
479,-0.90509284,0.19588208,-0.69265926,False
478,5.9746265e-2,0.6951455,0.19683194,False
477,0.11302757,-0.25381458,0.19851613,True
476,0.51240754,-0.33151877,-0.6214495,False
475,-0.31915998,0.42815566,-0.76278937,False
474,-0.873489,-0.6088728,0.52502954,True
473,-0.3491007,4.084313e-2,-0.93653226,False
472,0.13387537,0.9976381,-0.67236733,False
471,-2.1514297e-2,-0.2851274,0.94400346,True
470,-0.9867668,0.35050035,-0.30380177,False
469,-0.5122191,0.76951885,-0.90866506,False
468,0.9207865,0.7085459,-0.9663813,False
467,0.75085723,9.714997e-2,0.69301045,True
466,-0.31410348,0.7977972,-0.23676217,False
465,0.19083369,-0.8127769,-0.4541068,False
464,-9.142923e-2,-0.96627164,0.30837858,True
463,0.4761728,-0.85773957,0.40871727,True
462,-0.49913824,-0.24243045,-0.58256006,False
461,0.7392032,0.8745575,-0.5201403,False
460,0.120070696,-0.57009494,-0.82596743,False
459,4.5770407e-2,0.5613172,0.51714706,True
458,0.6582862,-0.6646205,0.22161853,True
457,0.14776397,0.7785009,0.74912846,True
456,-0.8370054,-0.58149743,-0.4024861,False
455,0.9645742,-0.6080216,0.5308651,True
454,0.220904,0.11842346,-0.5556805,False
453,0.9070095,-0.96978045,0.4558394,True
452,-0.7193061,0.48136103,0.70658135,True
451,-0.4386896,-0.72986007,-0.35487735,False
450,-0.352265,0.5610552,0.5672473,True
449,-0.36397862,0.11603713,0.8507955,True
448,0.120809436,-0.25368822,-0.6578373,False
447,0.45185316,-0.18443751,-0.40959942,False
446,0.44590175,9.412801e-2,0.70902276,True
445,-0.40437293,-0.83855855,-0.35667014,False
444,-0.4344182,-2.410698e-2,-5.101633e-2,True
443,-0.67165494,6.932497e-2,-0.6535826,False
442,0.82995915,0.8999456,-0.5859847,False
441,0.9328251,0.4534452,-0.15244341,False
440,-0.18596458,-0.5416521,-0.71171236,False
439,-0.34646595,0.14256537,0.31499422,True
438,0.49513805,-0.5078598,0.5414566,True
437,0.34283876,0.13559163,-0.49793172,False
436,0.40551817,0.5677078,-0.42823076,False
435,0.46173537,0.8903767,0.59804463,True
434,0.8291755,-0.94700754,-0.107589245,True
433,0.8304138,-0.77700293,0.9589654,True
432,-0.44116712,-0.78027034,0.89831364,True
431,6.8137646e-3,0.41543126,-0.7186363,False
430,1.4834762e-2,-0.34329832,-0.55425155,False
429,-0.15474164,-0.35313606,-0.933602,False
428,-0.5559882,0.30381095,1.9612312e-3,False
427,-0.6622473,-0.18430126,0.1963135,True
426,3.400612e-2,-0.657187,0.65482616,True
425,0.29620695,-0.20306349,-0.9515954,False
424,0.479926,-0.3771479,0.10327351,True
423,0.87354577,0.57897055,0.38094044,True
422,-0.6693001,0.23339963,0.50153625,True
421,0.27390635,0.36973298,2.4899721e-2,False
420,-0.5284467,-0.35465825,-0.44067538,False
419,-0.2129718,-0.2764082,-0.46894622,False
418,0.3015381,0.61247504,-0.22277582,False
417,0.3901689,-0.6889832,8.552718e-2,True
416,0.1084702,-0.78539574,0.47796524,True
415,0.1641295,0.1592294,-0.12474668,False
414,-0.3296882,4.998362e-2,0.59869516,True
413,-0.6292733,0.28139102,-0.8044727,False
412,-0.9371159,0.6552243,0.83729434,True
411,-0.3335582,-0.6274216,-0.85942614,False
410,-0.10490227,0.4699576,0.8352065,True
409,0.42554224,-0.9180684,0.122899055,True
408,0.2272613,-0.9583638,0.3929497,True
407,0.99428165,0.87537885,-0.3751992,False
406,-0.8458384,-0.8665627,0.77883375,True
405,-0.6537615,-0.80390835,-0.29382408,True
404,-0.5300803,-5.327654e-2,0.493829,True
403,-0.21847701,-0.5067884,0.51861954,True
402,-1.352644e-2,0.68926704,0.45169544,True
401,-0.91032803,-0.65549886,5.344796e-2,True
400,-0.8297614,-0.101959586,-4.7627926e-2,True
399,0.27802956,0.53585887,0.7776029,True
398,0.7780031,-0.11112356,-0.29042673,False
397,0.42273676,0.43970525,0.20950413,True
396,0.3859998,0.9371966,-0.4524256,False
395,-0.28099167,0.6463593,-0.1013509,False
394,-0.6096536,0.5813327,-0.5993862,False
393,-0.16737711,0.3279816,0.32480478,True
392,0.6291928,-0.40518188,0.15032232,True
391,0.6613103,-0.18022346,0.72728765,True
390,0.6917083,0.8254378,0.22310054,False
389,0.8294146,1.2515783e-2,-0.15911603,False
388,0.2162745,-0.46792245,-0.6758436,False
387,-0.720899,1.9077897e-2,-0.39368427,False
386,-0.3308897,0.9160037,4.5997858e-2,False
385,-0.36248934,-0.6171557,-0.24383104,False
384,-0.95234287,0.8869189,0.74997675,True
383,0.41200566,-0.28303695,0.29745948,True
382,-0.64649177,-0.3093058,-0.11458397,True
381,0.16531992,0.10310924,-0.3161012,False
380,-0.117375135,-0.24987543,-0.7054508,False
379,-0.71553016,-0.7963548,0.58224416,True
378,-0.42736197,0.28064454,3.7518144e-2,True
377,0.6797929,-0.6748439,0.36658084,True
376,0.61827636,-0.6229751,0.52101016,True
375,-0.79653466,0.269143,-0.37222302,False
374,-0.8971069,-0.768085,-0.18356955,True
373,0.77054965,0.35765612,0.777701,True
372,0.5533385,-0.45159292,0.22916102,True
371,-5.916977e-2,-0.9019766,0.985247,True
370,0.46253538,0.4187733,0.49513686,True
369,0.1864121,0.42165363,-0.26854122,False
368,0.8456286,-0.28007793,0.7185019,True
367,0.57278657,0.2657671,-0.31954658,False
366,0.3661071,0.8734851,-7.61143e-2,False
365,0.13888502,-0.4480009,-0.48189247,False
364,0.26306784,0.6340246,-0.74105966,False
363,-0.4341023,-0.4622774,0.3811555,True
362,-0.5114207,-0.6730429,0.7543893,True
361,-0.6988126,0.7336228,0.7389811,True
360,-0.99238217,-1.9100785e-2,-0.16998172,False
359,-0.9579207,0.35422754,-0.3462844,False
358,0.6256647,0.40159595,-0.71995354,False
357,0.10583258,4.122877e-2,0.21678972,True
356,0.36299098,-0.7148957,0.6307311,True
355,-0.7686231,0.6145581,0.17404532,True
354,0.98503864,0.116145015,-0.77302337,False
353,-0.7657852,-0.44788814,8.0997586e-2,True
352,-5.887413e-2,-0.77467203,-0.16513145,True
351,-0.11329734,-0.6316495,0.5839685,True
350,0.6819515,-0.8468225,-0.63740194,False
349,0.4693303,1.3928294e-2,-0.16152525,False
348,-1.7219067e-2,-0.14081717,0.47821987,True
347,0.61484075,-8.352435e-2,-0.30243552,False
346,0.7073535,0.15165973,-0.6744157,False
345,-0.86696887,0.9174347,0.18557882,True
344,-0.21314597,-0.60776055,0.105553746,True
343,-0.85483086,-0.18722904,0.9227954,True
342,6.9024324e-2,-0.38246155,-0.2388761,False
341,0.14259934,-0.8476069,0.5480968,True
340,0.5488579,0.56896853,-0.8164004,False
339,0.75450134,-0.466599,0.6103096,True
338,-0.9743757,-8.4807634e-2,-0.5124662,False
337,0.7094233,-0.52167034,-0.3150674,False
336,-0.5900917,0.10575044,-0.34932268,False
335,-0.9319998,0.6760621,0.8879175,True
334,0.832582,-0.23456252,-0.65220416,False
333,-0.92450964,0.95595896,0.57310283,True
332,-0.45771825,0.61291754,0.17351949,True
331,-0.71119297,0.42688012,0.5012485,True
330,0.39414704,7.7815056e-3,0.84903085,True
329,-0.6696856,0.30967736,-0.8206023,False
328,0.8863226,-0.72873235,0.6402329,True
327,-0.17771423,-0.60891163,0.57561064,True
326,-0.4992168,-0.2222631,0.16723812,True
325,-0.7363739,0.16352713,8.860791e-2,True
324,-0.6389601,0.58243537,0.33186352,True
323,0.41825962,-0.594923,0.11166,True
322,-9.697962e-2,1.0638118e-2,0.88491726,True
321,0.9856664,0.40907705,0.39181125,True
320,-0.30280352,-0.9520128,-0.18306279,True
319,-0.15327287,-0.90655565,-0.20558298,True
318,0.26954496,0.69080985,-4.899168e-2,False
317,-0.54050124,-0.46398592,-0.4734211,False
316,0.5817994,0.6346109,-0.4719671,False
315,-0.9135542,0.6001705,-0.5147972,False
314,-0.21017134,0.52458715,-0.8320514,False
313,0.71112347,-8.41552e-2,0.92780375,True
312,-0.14148128,8.414769e-2,-0.84368527,False
311,0.7704712,-0.40962243,-0.8758683,False
310,-0.49013686,0.68845546,-0.8232968,False
309,-0.40137315,0.7047868,-0.9994217,False
308,-0.11037028,0.30207765,-0.50403833,False
307,-0.6827165,-0.67451704,0.2134893,True
306,-0.34226048,-0.27924097,-0.13822043,False
305,0.8318814,-0.5731323,0.30328357,True
304,-0.30898452,-8.019626e-2,0.5338026,True
303,-2.2325635e-2,0.9904884,6.8289995e-2,False
302,0.20962048,-0.6494919,0.5565345,True
301,0.80658424,-0.24726355,-0.98423135,False
300,-5.9739828e-2,-0.51831365,0.31921315,True
299,0.54869616,-0.14295244,-0.43460083,False
298,-0.53906584,-0.6866745,-0.71170616,False
297,0.95041573,-0.4842658,-0.8849108,False
296,6.502569e-2,0.8540462,-0.8934511,False
295,0.58152497,0.56919515,0.26531458,True
294,-0.1918633,-0.53508043,0.5636178,True
293,-5.824721e-2,-0.70862997,-0.4358946,False
292,0.485579,-0.52166617,-0.9216529,False
291,-0.76622224,0.6761514,-3.833902e-2,False
290,0.4233737,-0.50910294,-0.61869526,False
289,-0.82335603,-0.850428,-0.6237098,False
288,0.8082268,0.5030612,0.2774564,True
287,-0.37572443,-0.6445521,0.41225517,True
286,-0.8503127,0.16486382,-0.4447782,False
285,-8.691299e-2,-0.35014415,-0.2949139,False
284,0.6010251,0.23711371,0.5338181,True
283,-0.7974435,-0.6840414,-0.2577238,True
282,0.7815058,0.6609694,0.21602774,False
281,0.8465909,-0.76073587,-0.20897126,False
280,0.44644225,-0.10919404,-0.56153643,False
279,0.80997634,0.26720023,0.10134721,False
278,0.7963934,0.20099771,0.8288822,True
277,0.9052968,-0.6796148,0.5763916,True
276,9.1171265e-2,0.3817191,0.4354092,True
275,-0.3751322,-7.092965e-2,-0.7414888,False
274,-1.2564659e-2,0.8261461,-0.4856547,False
273,0.85820425,0.9019003,-0.60594046,False
272,-4.4446588e-2,-0.69738317,0.33173966,True
271,0.6906655,0.63833916,-0.9243654,False
270,0.37749934,0.66505694,-0.95175827,False
269,0.1575352,-0.15994573,-0.29301047,False
268,-0.26846755,8.6633444e-2,-0.12834322,False
267,0.13193655,-0.40302527,0.8493171,True
266,-0.62831175,8.061671e-2,-0.9702823,False
265,0.3806126,-0.204126,0.91979504,True
264,0.13054562,-0.9309994,0.7522762,True
263,0.32822132,-0.22567475,-0.6485847,False
262,-0.769588,0.7471075,-0.17026007,False
261,0.20507646,0.29118812,-0.5168655,False
260,0.98569834,0.15229225,0.86418796,True
259,-0.48935592,0.26279724,-0.14775276,False
258,0.48131108,-0.5030856,-0.24863577,False
257,0.5572578,-0.7553607,-0.54320264,False
256,-0.84389687,0.67370975,-0.41294062,False
255,0.9647261,6.0191035e-2,-0.54408157,False
254,0.6578672,0.38964188,-0.5656377,False
253,-0.3644868,-0.5051838,0.78197813,True
252,-0.35041893,-0.50719464,0.321496,True
251,0.91718316,0.2785113,-0.38254142,False
250,0.54589856,-0.8941891,-0.23355639,False
249,-0.9757341,-0.2267183,-0.38243234,False
248,0.540822,-0.13904345,-0.17485464,False
247,0.14829528,-0.99045205,-0.35930324,False
246,0.45411837,0.114426374,-0.42110932,False
245,0.5013486,-0.8244648,0.39833415,True
244,-0.804358,-0.54556954,0.85007286,True
243,8.702648e-2,-0.54132473,-0.3282001,False
242,-6.980896e-4,-0.35758996,-0.112025976,False
241,0.13076055,-0.81999993,0.5145279,True
240,-0.53788924,0.6181985,0.7972928,True
239,-0.43081057,-8.27167e-2,-0.56934524,False
238,0.5828788,0.77534974,0.5055777,True
237,-0.9872266,0.25945675,0.22313535,True
236,0.3430587,0.2035271,0.70777524,True
235,-0.52225196,-0.83503056,-0.76751375,False
234,0.6820103,0.23903525,0.10303557,False
233,-0.16556895,0.39415395,-0.34316492,False
232,-0.8142679,-0.2444154,-0.60152245,False
231,0.30835998,0.31356335,0.65268445,True
230,0.2460804,0.20635605,0.26014256,True
229,-0.7150607,0.12911403,-0.81117404,False
228,3.505075e-2,-0.37166345,-0.8080423,False
227,-1.6912818e-2,-9.603393e-2,-0.76268196,False
226,-0.7531328,0.22218716,0.539773,True
225,0.9834919,-0.15497136,-2.968049e-2,False
224,-0.47681642,-0.81224823,0.16483998,True
223,3.707242e-2,-0.5103117,-0.86421525,False
222,0.39922273,-0.38289535,0.97490025,True
221,-0.562498,0.3761419,2.6035309e-2,False
220,-0.4206879,-0.57228684,-0.5213498,False
219,0.83320355,-0.24350703,-0.73200464,False
218,-0.901188,-0.98265684,0.4387133,True
217,0.9696945,-0.8989676,-0.11818266,True
216,-0.8665916,0.49248993,0.6398778,True
215,0.38160086,-0.9698788,-0.11453223,True
214,0.90417993,-0.38561368,-0.5633154,False
213,-0.89764297,-0.7170955,0.9790566,True
212,0.19211829,-0.3824073,0.15639889,True
211,0.15593398,-0.4280783,-0.120957494,False
210,7.01226e-2,-0.41119802,0.8634871,True
209,-0.5910423,-0.6609092,-0.4697094,False
208,-0.14147556,-0.64771044,0.101585865,True
207,0.3823055,-0.88125026,-6.439471e-2,True
206,-0.35834742,-0.6586492,0.22116816,True
205,0.8749013,-0.6419388,0.25115716,True
204,-3.6524177e-2,-0.6192862,0.6250638,True
203,0.97161984,-8.021951e-2,-0.9261124,False
202,-0.9448843,0.63961315,0.16987646,True
201,0.6449256,0.5308273,0.7665758,True
200,0.3607285,-0.13730335,0.14820015,True
199,5.9749246e-2,-0.30828607,0.5259627,True
198,0.5238311,0.65092254,-0.49904513,False
197,0.7365984,-6.3017607e-3,-0.34253883,False
196,-0.6916442,0.5165813,0.8195096,True
195,-0.22833169,-0.47775388,0.1360954,True
194,0.35349,0.10146546,0.35975385,True
193,-0.4341141,-0.39964116,0.42739427,True
192,-0.3957138,0.51690364,-0.5138407,False
191,7.8410506e-2,-0.7809185,-0.45320725,False
190,-0.66506624,-0.6239716,0.16045427,True
189,0.3429631,-0.2685151,0.77616966,True
188,-0.67751336,0.75934017,-0.2741778,False
187,-0.24260056,-0.6432967,4.790604e-2,True
186,0.2465961,0.34470105,8.851123e-2,False
185,0.8071898,-0.7316114,-0.83932424,False
184,-0.5421679,0.46369445,0.9364433,True
183,-0.20384085,-0.3271755,0.3801937,True
182,0.31723678,-0.40038526,0.19850385,True
181,-0.50278676,-0.7862681,-0.1536771,True
180,0.60601854,0.6870314,0.35616708,True
179,0.8808303,0.30027735,-0.57006276,False
178,-0.830217,0.49442995,0.16509342,True
177,0.19089103,-6.171918e-2,0.48418462,True
176,-0.42618573,0.5542593,0.9377004,True
175,7.09424e-2,0.96446466,-0.88599575,False
174,-0.585812,-0.5520475,0.94668615,True
173,0.6228229,0.40909147,-8.20626e-2,False
172,-0.596208,-0.36292982,0.44246948,True
171,-7.67442e-2,0.65107083,-0.25115025,False
170,-0.45718145,-0.5111253,-0.22640228,False
169,-0.371971,0.69726026,0.8202307,True
168,0.13052678,0.33639276,0.21864235,True
167,-0.7023957,0.5332973,-0.50158465,False
166,-0.94889367,-0.89649475,0.32733524,True
165,0.4516356,7.955706e-2,0.82601714,True
164,-0.42162192,0.44830644,-0.68742573,False
163,0.66821647,0.84802914,0.40100813,True
162,-8.423328e-3,-0.91562104,-0.7351937,False
161,-0.36322856,-0.28653014,-0.46138835,False
160,0.36738157,-0.21940303,0.7486572,True
159,0.21467364,-0.18174362,0.3683139,True
158,7.038331e-2,-0.9809896,-0.6622726,False
157,-0.5836091,-0.9908564,0.85618925,True
156,0.5021671,-0.9686117,-0.9881705,False
155,-0.55057096,-0.72921276,0.8924906,True
154,-0.22634256,-8.502698e-2,-0.5255668,False
153,6.6375256e-2,0.38153303,0.9103248,True
152,-0.57679486,0.88289297,0.2555902,True
151,-0.6925839,0.5709177,-8.954406e-3,False
150,-0.8342432,0.5090244,0.26557243,True
149,-0.5823734,-0.48532343,0.67661655,True
148,-0.5346327,0.55455995,-0.19316578,False
147,-0.57027054,0.9878613,-0.75227654,False
146,0.16934049,0.6923332,0.64980686,True
145,-0.9442493,0.16580093,-0.973593,False
144,-0.332618,0.20588517,-0.9182279,False
143,0.59386563,0.9932195,-0.98498845,False
142,-0.17656827,-0.35447383,-0.6583818,False
141,-0.39660323,0.31567836,-0.61755776,False
140,0.5529499,0.6618997,-0.589098,False
139,0.9279932,-0.43077683,-0.50616884,False
138,0.91691744,-0.39508224,-0.7037381,False
137,0.5247332,-0.50606406,0.39546728,True
136,-0.8964875,0.9936969,0.8226497,True
135,0.30455005,-0.5883992,0.5880804,True
134,0.8120214,-0.9948633,-0.44062006,False
133,0.43225372,0.2507031,0.88495696,True
132,-0.6515621,0.9541335,-0.9260266,False
131,0.33403385,-0.14383161,0.7570447,True
130,-0.13474953,0.60284173,-0.87201774,False
129,-0.13601315,0.5537646,0.46637428,True
128,0.32093024,7.228148e-2,-0.72450626,False
127,-0.45895803,0.47490454,0.9848666,True
126,0.94965434,0.86267686,0.5262886,True
125,0.54075253,-0.8869016,-0.29224217,False
124,0.69521964,-0.6968137,0.39503324,True
123,6.508827e-2,-0.8042654,-0.41112387,False
122,-0.15216315,0.29414392,0.6311871,True
121,-0.56923044,0.6443547,-0.15104389,False
120,-0.8453324,-0.8899883,-0.52328455,False
119,-0.40892315,2.9662251e-2,0.21374762,True
118,-0.866781,0.8739121,-0.2958337,False
117,-0.93807733,2.5792122e-2,-0.44179392,False
116,-0.31888115,-0.5162296,-0.78197145,False
115,0.9077569,0.14721262,0.8792083,True
114,-0.16654217,0.37418485,0.66954565,True
113,0.3951311,-0.8444376,-0.55705476,False
112,0.13610232,-0.36724758,0.55315137,True
111,0.9743186,0.24701571,-0.17140901,False
110,-0.2257775,-0.99545705,-0.47068214,False
109,-0.7164831,-0.93975365,-0.8802011,False
108,0.5317085,0.41817844,-6.634474e-2,False
107,0.5381745,0.7948948,-0.743469,False
106,-0.860227,-0.70671725,-0.9293978,False
105,0.99710035,-0.774832,-0.5138881,False
104,0.37662303,-0.1284604,-0.5361743,False
103,0.6205052,0.5421369,-0.7958298,False
102,-0.10037553,-0.85967433,0.7063856,True
101,-0.77181673,-0.47783494,-0.66151357,False
100,0.10135496,0.87236667,-0.83944535,False
99,-0.22643018,-0.58148015,0.15216422,True
98,0.21123612,-0.3337134,-0.5258113,False
97,-0.100018024,0.22411776,-0.47760832,False
96,0.6312487,-0.8916193,0.1037513,True
95,0.9494481,-0.5332519,-0.22654617,False
94,0.78068006,0.2589481,0.7690506,True
93,0.7382662,0.40235174,0.7832943,True
92,-2.0435452e-2,0.77172303,-0.67930543,False
91,-6.700897e-2,-0.49971282,0.94583833,True
90,0.179793,-0.688995,0.69906425,True
89,0.5005307,-0.75581074,-0.4668746,False
88,-0.8224747,-0.17321122,0.9438385,True
87,0.106598616,0.60260856,-0.29346037,False
86,0.7506455,-0.66621363,-0.69867945,False
85,-0.9891472,-0.5302154,0.24331355,True
84,-0.29565942,-0.48366988,5.7822824e-2,True
83,-0.93589675,-0.21474159,0.7534132,True
82,0.7485366,-0.4646778,-0.10019386,False
81,-0.3755983,0.8203616,0.6255866,True
80,-0.7163917,0.36244583,0.6466607,True
79,-0.40932107,-0.3595513,-0.17069805,False
78,-0.9186033,-0.29962313,-0.70495546,False
77,-0.47854447,0.55033994,0.14684117,True
76,0.88902736,0.949211,-0.22789931,False
75,-0.72547853,-0.9281361,0.7100314,True
74,0.9758357,-0.8174647,2.7872562e-2,True
73,7.125604e-2,-0.49350154,-0.8636049,False
72,-0.9238739,-0.57790506,0.5587082,True
71,0.37177932,-0.20698166,-0.34014583,False
70,0.34989882,0.8711839,0.51360166,True
69,0.46737683,-0.4901774,0.12860155,True
68,-0.13291085,-0.85283816,-0.78192747,False
67,-0.49177277,-0.16106379,-0.5682826,False
66,0.48846304,-0.6413621,-0.30744624,False
65,-0.3441441,-0.24452424,-0.31873906,False
64,0.61982286,-0.8836156,-0.42421007,False
63,0.43276417,0.31835878,0.38689208,True
62,-0.12107611,0.49876547,0.94654596,True
61,-3.0173302e-2,0.7134119,0.35986614,True
60,0.4955752,-0.6871015,0.84784675,True
59,0.86612666,0.9689599,8.507943e-2,False
58,-0.99274004,0.1293782,0.5912696,True
57,-0.43965614,0.9351089,0.5112581,True
56,-0.92321074,0.7779685,-0.7009237,False
55,-0.2511921,0.8260242,-0.56932855,False
54,-0.38507748,0.5619129,0.4150946,True
53,0.4178884,-0.5189798,0.32207036,True
52,0.82137775,0.3227749,-0.8617486,False
51,-0.88448846,-0.63856125,0.89386845,True
50,-6.016934e-2,0.438375,-0.1857959,False
49,-0.12367201,0.76561606,-5.7474136e-2,False
48,0.4183526,0.10118556,-0.31062567,False
47,-0.40669036,-0.45130336,-0.74684703,False
46,-0.93927217,-0.82357275,0.4563172,True
45,-7.032299e-2,0.463614,0.27349925,True
44,-0.4762329,-0.27508485,0.94047713,True
43,-0.76484466,-0.9629619,-1.373291e-3,True
42,-0.92402756,-0.51596785,3.7153125e-2,True
41,0.8127245,0.8243191,-0.892382,False
40,0.87171936,-0.37722707,0.11647546,True
39,-0.84050226,3.68433e-2,3.1822443e-2,True
38,6.434655e-2,0.38545668,-0.4526887,False
37,0.15638041,-0.75520885,0.5259409,True
36,-0.71132135,-7.645559e-2,3.3198595e-2,True
35,0.68707275,-0.73840237,-0.38303924,False
34,-0.14420688,0.4857521,0.8333683,True
33,0.7920935,-0.17408931,0.706908,True
32,-0.93344855,0.45967448,-0.8765069,False
31,-0.25378966,0.97728336,-7.9622865e-2,False
30,0.4914713,0.9535862,0.49338102,True
29,-0.49402916,-0.45160544,-0.63001657,False
28,-0.5536984,-0.9284892,-0.55826366,False
27,-0.36159062,-0.750355,-0.89906454,False
26,0.64044344,-0.7783849,-0.31536984,False
25,0.46726882,0.3113103,0.61379945,True
24,8.829272e-2,0.17389798,-0.83162034,False
23,-0.64025366,0.94110656,0.6715611,True
22,-0.78919554,-0.99492943,0.30648935,True
21,0.4038663,0.14939511,-0.28687823,False
20,-0.7332505,0.5025213,-0.76417124,False
19,-0.64323425,0.9650215,0.92152774,True
18,0.9185833,9.5846295e-2,-0.14016664,False
17,-0.47246873,-0.65667605,-0.7718314,False
16,0.3901832,0.13806021,-0.42691576,False
15,-0.69858646,-0.45485985,0.28345382,True
14,0.45005083,-0.39850056,0.13658798,True
13,0.67918897,-0.813998,-0.683486,False
12,0.25225532,0.37364507,-0.22743058,False
11,-0.3610134,0.12141752,-0.45532274,False
10,0.98128355,-0.3545605,-0.49297094,False
9,-0.78906584,0.3766117,-0.14644766,False
8,0.96170545,-0.15297842,-0.3542546,False
7,0.4086237,0.70442855,-0.25229716,False
6,0.40133667,0.51788795,-0.11267185,False
5,-0.63696575,0.42002833,-0.30474794,False
4,-0.96774805,-0.49160016,0.18264437,True
3,0.10640919,0.4849347,0.9976256,True
2,4.8123002e-2,-0.8637837,-0.5384722,False
1,0.14096129,-0.84806037,0.31849492,True
0,-0.75909245,-0.6732757,-0.63659084,False
