999,0.75429,-0.7889862,0.27881384,True
998,-0.53982115,-9.30661e-2,7.745576e-2,False
997,-0.27504694,-0.86066043,0.5523443,True
996,0.7047386,0.47704363,0.4379716,False
995,-0.43012416,0.5087174,-0.6815239,False
994,0.75284624,5.4208398e-2,-0.92426765,True
993,-0.2250607,-0.7194041,0.80359674,True
992,-0.28967118,-2.219522e-2,-0.5729544,True
991,0.60496294,-0.4880339,-0.22939563,True
990,0.18205202,-5.1902294e-2,0.8261924,False
989,5.172932e-2,0.32304573,-0.7629328,False
988,-0.6090882,0.35354197,-0.8133937,False
987,-0.7070981,0.6092887,-0.35093558,False
986,-0.9422325,-0.44372332,-0.165586,True
985,-0.25915122,-0.6683881,-0.9084121,True
984,0.44517756,7.055926e-2,-0.5770401,True
983,-0.33848977,0.859023,0.6813369,False
982,0.19970608,-0.29718792,0.7075205,True
981,-0.6416788,5.340016e-2,0.31861424,False
980,0.12997305,0.9060291,0.15227962,False
979,0.7383084,-0.3258506,0.35201252,True
978,0.50769997,0.5084269,0.6546316,False
977,-0.37779367,-0.48713446,-0.34101832,True
976,0.5642102,-0.5563638,0.6387191,True
975,0.7207755,-0.74201536,-0.46470475,True
974,0.8818419,-0.18432808,-0.268942,True
973,-0.9390205,0.32691336,0.24182999,False
972,0.7561778,0.28981304,-0.61845756,False
971,0.23199546,0.18561566,0.9156902,False
970,-0.5248461,0.54078066,0.112478614,False
969,0.8631853,-0.6837084,0.45716655,True
968,0.16333592,-0.32819998,-0.81711483,True
967,0.24641216,0.42673802,2.0384908e-2,False
966,-0.41631866,0.953879,0.43054426,False
965,0.21546817,0.49360764,0.6681591,False
964,-0.26460803,0.73568666,0.95792985,False
963,-0.57041526,0.19035876,0.8135598,False
962,-0.45319152,0.41940594,0.35023236,False
961,-0.15035236,-3.8280487e-2,0.49532032,False
960,-0.19319189,-0.5268978,0.7704909,True
959,-0.1471194,0.66325605,-0.22146201,False
958,0.40300667,-0.4288926,-0.48912525,True
957,-0.68085444,-0.86764884,-0.54559195,True
956,-0.63490784,8.7643504e-2,-0.47230113,False
955,-9.0866685e-2,-0.47012043,0.2058922,True
954,7.668376e-2,-0.7920568,-0.63905835,True
953,-0.83883584,0.6852422,0.6151793,False
952,-0.30681515,0.87874436,-0.38848698,False
951,0.50931907,0.7141082,-0.9379909,False
950,0.20070207,7.056868e-2,0.93931687,False
949,-0.36980283,0.30141103,0.47991621,False
948,0.6743102,-0.16654408,0.59988546,True
947,0.36546266,0.38075662,0.54002416,False
946,-0.72240055,-0.23427522,-0.9716809,True
945,-3.0398369e-2,-0.51431084,0.70112693,True
944,0.56113183,-4.3314934e-2,0.40106285,True
943,0.9840933,-0.7716751,5.746436e-2,True
942,-0.25419748,0.73314476,0.87072825,False
941,-0.7685716,0.6999885,-0.5177008,False
940,0.34763658,-0.81599593,-0.25462425,True
939,-0.48596668,0.26786637,-0.24988794,False
938,0.8380728,-0.23549795,0.86602414,True
937,0.9514811,0.2635851,-0.647699,True
936,0.9395622,-0.70584476,-8.754408e-2,True
935,-2.7583718e-2,-0.29207253,0.20824385,True
934,0.8870361,1.5800834e-2,0.4423722,True
933,-0.11088979,0.5533688,8.702278e-3,False
932,-0.2036953,-0.53288126,-0.92710793,True
931,-2.1453857e-2,0.7598742,-0.93038166,False
930,0.6622598,-0.67598724,-0.18557727,True
929,-0.5367534,-0.63568425,0.9747585,True
928,0.65466666,0.14947784,-0.6162138,True
927,-0.72848976,-0.20909894,-0.18162858,True
926,0.79122543,0.24023819,-0.16931367,False
925,0.21210277,-0.5374888,0.6759392,True
924,0.1732676,0.862461,-0.8426062,False
923,-0.5389799,0.6483439,0.33670342,False
922,0.46476173,0.77009916,0.1422863,False
921,0.123197675,0.15108538,0.33485568,False
920,-0.20168519,0.36960673,-0.41524053,False
919,-0.712373,-0.6461363,0.13886523,True
918,0.2522756,0.9199879,0.76071954,False
917,0.41409075,-0.89888954,-0.17883503,True
916,0.5496942,-0.86069715,0.10624659,True
915,-0.90637374,-0.7220582,-0.20285177,True
914,-0.60671365,-0.99277806,-0.760692,True
913,-0.23826027,-0.9749602,-0.11307931,True
912,-0.6501248,0.2763989,-0.29161572,False
911,0.13012803,0.5834018,-0.661836,False
910,-0.6701981,-0.43266082,0.73033285,True
909,-0.84366584,-0.18703973,0.5995394,False
908,0.32531524,-0.106770515,2.6643038e-2,True
907,-0.6239805,-0.11235976,-0.5571096,True
906,0.6715907,0.5044322,0.92225957,False
905,-4.1201234e-2,5.806279e-2,-0.56472814,True
904,-0.7828796,-0.23938155,-0.6850089,True
903,-0.30501497,0.18911827,0.8216834,False
902,0.48359942,0.74190104,0.2671163,False
901,0.23948765,0.47530782,7.7188134e-2,False
900,0.5715071,-0.44375896,-0.9755478,True
899,0.27743852,-0.34126735,0.43957245,True
898,-0.6958227,1.2391567e-2,-0.87267864,True
897,-0.6625353,-6.87567e-2,0.6748419,False
896,0.6696676,-0.20088673,7.272279e-2,True
895,-0.86939335,0.87732196,-0.5751474,False
894,0.81374156,8.594954e-2,-0.4521079,True
893,0.34461737,-0.78312063,-0.66183305,True
892,-0.336954,-0.36940122,-0.17831802,True
891,0.38865352,-0.37378955,0.91661036,True
890,-0.87324464,0.79267883,-0.45304525,False
889,0.7628443,-0.80575013,0.121142864,True
888,-2.2065878e-2,-0.7023059,-5.618334e-4,True
887,0.64489365,4.7293425e-2,8.335829e-2,True
886,0.22740006,-0.23200297,0.96457374,True
885,0.5920336,0.8944392,-0.74204755,False
884,-0.7774782,-0.4688884,0.8694074,True
883,0.919829,-0.5591514,-5.9363365e-2,True
882,-0.4673717,0.36278987,-0.76839125,False
881,-0.9036095,-0.4654578,0.34159493,True
880,0.9703814,0.7037053,0.6433078,False
879,-0.6549696,-0.60711086,8.535218e-2,True
878,-0.5354172,0.2322073,-0.87994444,False
877,0.5964923,-0.4495468,-0.5290544,True
876,0.13187385,0.33534145,0.40214658,False
875,-0.8695936,-0.62891376,0.764083,True
874,0.611653,0.8211713,-0.12824798,False
873,0.23414874,0.5220572,-2.7361393e-2,False
872,0.5057752,-0.40323126,-0.2280041,True
871,-1.0345221e-2,0.24644315,0.69795835,False
870,0.35315466,-3.9444447e-2,-0.82500076,True
869,-0.7779255,-0.10449898,0.47715986,False
868,-0.5008218,0.84449446,-9.347808e-2,False
867,0.29123235,0.24984324,0.40076184,False
866,-0.98042595,7.371259e-2,-0.7934567,False
865,-0.7159314,0.65318584,0.35845554,False
864,2.1523118e-2,-0.8945091,0.7186369,True
863,-0.9465972,0.97849107,0.8406911,False
862,0.46285093,0.47148514,0.6341698,False
861,0.49255502,0.2157495,0.49812937,False
860,-0.40300584,-0.84363353,-0.79050994,True
859,4.920602e-2,-0.10658169,0.26939487,True
858,0.41639638,0.7998291,-0.25002837,False
857,6.540203e-2,0.8788681,-5.657661e-2,False
856,0.9683182,-0.24393272,-0.58384955,True
855,0.50995255,-0.3511473,0.9129548,True
854,-0.107560396,-0.17996478,-1.199317e-2,True
853,-0.31575692,-0.6191721,-3.172803e-2,True
852,1.8170476e-2,-0.26591516,0.560274,True
851,0.734514,0.6965915,-0.24496841,False
850,-0.31440663,0.508551,0.8382151,False
849,-0.46958125,0.25045466,-0.5291182,False
848,-0.66597855,-0.56117487,0.53630245,True
847,-0.23064327,0.6634375,0.417935,False
846,0.38931775,-0.6501671,0.10803139,True
845,-0.61789405,0.8959758,0.7145183,False
844,0.4188404,-0.4665792,0.5589217,True
843,-0.31446612,-0.9178648,-0.23545933,True
842,0.38040638,-0.20376933,0.31373596,True
841,-0.4055096,-0.12139833,0.32784653,False
840,-0.5182481,-0.41358018,0.5681354,True
839,-0.9710742,-0.41713524,-0.76864934,True
838,0.29920173,0.77538764,-1.5602231e-2,False
837,-0.77292013,-4.4772744e-2,-0.13084412,False
836,-0.4835608,-4.7295213e-2,-0.24988043,False
835,-0.6952572,-0.101996064,-0.19305992,False
834,-0.5233058,0.50950956,0.8745867,False
833,-0.2838198,0.13595617,0.48758268,False
832,-0.2640152,-2.7333975e-2,0.822768,False
831,-0.926788,-0.37250996,-0.24771309,True
830,0.32519984,0.120413184,0.48048997,False
829,0.6206963,-0.95081544,0.8384954,True
828,-0.54235125,0.16349518,-0.7960901,False
827,-0.49294937,0.1649307,0.17042756,False
826,0.47372591,-0.30643928,-0.6182624,True
825,-0.4029361,0.6856723,-0.73047614,False
824,-0.49257827,3.6904454e-2,0.40947986,False
823,0.5901141,-0.42200756,0.45779252,True
822,8.5464835e-2,3.6492825e-2,0.43485236,False
821,0.5419092,0.8703486,-0.41685963,False
820,-0.38004076,-0.6937424,-0.9042331,True
819,0.5006249,-0.3209107,-6.322837e-2,True
818,0.9363251,-0.589293,0.48061597,True
817,-0.71007395,-0.5327629,0.37665248,True
816,-0.77721846,1.9754767e-2,-0.7108464,False
815,0.14771986,0.3993373,-5.3218603e-2,False
814,0.2762748,-0.9531363,0.93872225,True
813,-0.8074142,-0.7361835,-0.66008997,True
812,-0.65754545,-0.24590933,-0.114191055,True
811,0.740885,-0.19739854,-0.33469748,True
810,0.8663486,-0.5574658,-0.34405005,True
809,-0.59543514,-0.44359004,-2.9855847e-2,True
808,0.23504508,-0.45823622,0.5227066,True
807,-0.1316272,-0.33128667,-0.18311346,True
806,-0.84788644,-0.7166822,0.27707505,True
805,-8.0194354e-2,-0.4604106,-0.9427434,True
804,-0.86729,-0.7552954,-0.96593976,True
803,-0.90315855,0.45341206,0.6918658,False
802,0.3143314,-0.8036077,-0.72106504,True
801,-2.2434711e-2,0.8694855,-0.9147384,False
800,0.6651108,-9.747958e-2,-0.52689815,True
799,-0.27820528,0.54402816,-1.7951965e-2,False
798,-0.3743831,0.5282779,0.69602513,False
797,0.41154742,0.40930367,-9.248614e-2,False
796,-0.36684132,0.28821826,0.26920462,False
795,0.98464704,-0.74594533,-0.25367785,True
794,0.20432377,0.41726887,0.4154811,False
793,-0.9938048,-0.6161902,0.29085982,True
792,0.33674037,-0.4090687,-4.844737e-2,True
791,-0.7167711,0.7339523,-0.74913716,False
790,-0.21397209,0.34554672,0.32202244,False
789,0.85155594,-0.2103976,5.545187e-2,True
788,0.9954281,-0.901765,-0.2964095,True
787,0.7312534,0.5076692,0.53393507,False
786,-0.5400003,0.5108638,0.6864778,False
785,0.75836456,0.8066969,0.4263271,False
784,-0.28002453,0.66438985,0.2274549,False
783,0.4799348,0.48950124,-0.90004194,False
782,-0.7109263,0.68871903,0.23510563,False
781,0.33657503,-0.98223484,0.7200154,True
780,-0.23142219,0.53471303,-6.4014316e-2,False
779,0.5643431,0.6100458,-6.6235185e-2,False
778,0.79291594,-0.47650647,-0.42904162,True
777,0.3955872,-7.1021795e-2,-0.52554786,True
776,-0.7282095,0.2009244,-0.5060437,False
775,-0.7649877,0.65893745,-0.9766785,False
774,-6.964755e-2,-1.8220544e-2,0.89030755,False
773,0.6178442,0.37072897,0.1555134,False
772,0.85911834,-0.61041677,-0.50235116,True
771,0.75682664,0.6059563,0.7454413,False
770,0.16265893,0.7451701,0.22204375,False
769,-0.59027994,-9.193516e-2,-0.7901697,True
768,0.9278033,0.1425041,-0.28260958,True
767,-0.39326942,-0.219908,-0.60306966,True
766,-6.105137e-2,0.9667926,0.80568457,False
765,8.988392e-2,-0.84639144,0.12919164,True
764,8.8920474e-2,0.7945142,0.6253756,False
763,0.10458267,-0.4107604,0.901309,True
762,0.7413181,-0.5515926,-0.63706017,True
761,0.48207366,-0.5840666,0.8834622,True
760,0.8144301,0.9989282,0.10177374,False
759,0.27477157,0.8775346,-0.48506165,False
758,0.30151606,0.9660177,-0.2871276,False
757,1.4764428e-2,-4.5736074e-2,0.6143439,False
756,0.91559315,-0.8817011,0.10959911,True
755,-0.46121764,-0.851022,-6.8792105e-3,True
754,-3.0351281e-2,-0.15298843,0.5544753,True
753,0.5200937,0.5958104,-0.14590275,False
752,-0.18043697,-0.2728393,0.7011256,True
751,-0.5276115,0.28170753,-0.9528458,False
750,0.90814257,0.83878875,-0.17416453,False
749,-0.6385021,0.28140318,-0.25017476,False
748,-0.9925617,0.92866397,-0.35668957,False
747,-2.5002599e-2,-9.653211e-3,0.13045728,False
746,0.41649282,0.54000616,-0.18693125,False
745,0.4960451,0.9639956,0.29863727,False
744,-0.3702836,0.10195625,0.42800927,False
743,0.82953095,-3.887415e-4,-0.15013194,True
742,0.8686544,0.2257955,4.488039e-2,False
741,0.70912683,0.8754417,0.49147785,False
740,0.46568727,-0.96300244,0.15349019,True
739,0.6363132,0.8385775,0.49003434,False
738,0.52566993,-0.69008625,0.3208233,True
737,-0.21859217,-0.48440838,-0.54451454,True
736,0.12010157,0.30286264,-0.24771178,False
735,-0.38311565,0.6137862,-0.64746094,False
734,-0.77456963,0.17630959,-0.5369276,False
733,6.313372e-2,-0.6429113,0.5238744,True
732,0.9192604,0.32276964,-0.62623405,False
731,0.96420455,0.15279174,-0.939754,True
730,0.6178858,-0.45605302,-0.67408717,True
729,-0.2494663,-8.721256e-2,-4.7274828e-2,True
728,0.64639354,2.1780014e-2,-0.47545755,True
727,9.562945e-2,-0.9406338,-0.9645115,True
726,0.38662004,0.971781,0.2093482,False
725,0.32141495,-0.9559119,-0.9056753,True
724,0.99872077,-0.5554309,0.21960199,True
723,-0.3265407,-1.7782092e-2,-0.87394977,True
722,-0.6150441,0.32912576,-0.27999854,False
721,0.96222234,-0.22309494,-0.23681426,True
720,2.24545e-2,-0.44677162,-0.54277635,True
719,0.50040317,0.93690324,-0.9997238,False
718,0.22769904,0.5651562,0.29651105,False
717,-0.70856035,-6.280327e-2,0.4278252,False
716,-0.75633454,0.7383288,0.6121824,False
715,-0.18625045,-0.2081399,0.456205,True
714,7.243192e-2,0.5420103,0.6883286,False
713,6.6239834e-3,-0.34162045,0.40972972,True
712,-0.29099345,-0.12472999,-0.29329646,True
711,-0.68840086,-0.9011824,0.7608676,True
710,-0.7824148,-0.4824263,-0.9427384,True
709,-0.33481646,0.2614814,0.44337904,False
708,-0.7993281,0.26624227,0.11404693,False
707,-0.9857787,-0.75949395,0.8211273,True
706,-0.7959517,0.66130495,-0.2086916,False
705,-0.9191315,-0.29776168,-0.47504747,True
704,-0.26932013,-0.4717977,-0.9775255,True
703,0.5600281,-0.25045753,-9.523964e-2,True
702,-0.340245,-0.9844214,-0.6263169,True
701,-3.7083864e-2,-0.36462831,0.720209,True
700,0.75552547,-0.39005423,-0.59275556,True
699,-0.8462248,-0.6212263,0.2578733,True
698,-0.42538607,-0.7660835,0.49497747,True
697,0.60061574,0.64626586,-0.20736158,False
696,0.78470314,-0.15818739,-0.95834637,True
695,-0.6463491,6.317258e-3,-0.12344146,False
694,-0.16939485,0.38228607,0.9905801,False
693,-0.1558634,0.34252477,-0.9087384,False
692,-0.27123535,1.6185284e-2,2.5970101e-2,False
691,0.7377788,-0.16560602,0.88953984,True
690,0.57079697,-0.81395566,-0.17023814,True
689,0.78421557,0.26700532,0.30825603,False
688,0.29365885,-0.1821773,-0.32805145,True
687,0.8627963,-0.15866101,0.8749895,True
686,-0.10824561,0.7592044,0.8114265,False
685,9.7124934e-2,-0.9779656,-0.46684897,True
684,-0.2958442,0.88069427,0.13118148,False
683,0.96931314,-0.46653104,-0.17276645,True
682,-0.57407975,0.58435786,-0.37341166,False
681,-0.15055978,-1.1463642e-2,-0.4633516,True
680,-0.8989904,-0.16774046,-0.84496295,True
679,0.57767475,0.45612192,-8.403933e-2,False
678,0.6455009,0.48935986,0.7663945,False
677,-0.50190306,-0.22279012,0.76992404,False
676,0.86902213,-0.2580037,0.4988631,True
675,-0.39169014,-0.31563854,0.31654394,True
674,-0.15227747,-0.16409063,-0.77064943,True
673,-0.7283894,-0.44394898,0.49777126,True
672,0.8550322,-0.50620055,-0.5973786,True
671,-0.47365415,-0.81208825,-2.4138212e-2,True
670,0.7496598,-0.23399079,0.12622333,True
669,-0.18159103,-8.051908e-2,-0.24981081,True
668,-0.6390101,0.2915498,-0.7990296,False
667,-0.2989893,0.92508423,-0.21581984,False
666,-0.78742397,0.77356446,0.8472028,False
665,0.23821485,8.9799285e-2,-0.48697436,True
664,0.37396467,0.12004018,0.9652921,False
663,-0.39781702,-0.426422,-0.98673594,True
662,-0.22073579,0.9708402,0.6245445,False
661,0.786253,0.4620074,-0.12835026,False
660,0.5810051,-0.98708665,0.80420876,True
659,0.96494246,0.4497943,0.29759443,False
658,-0.51400805,0.52283573,0.78454256,False
657,-0.8201177,-0.20439959,0.4266423,False
656,-0.15047157,-9.957671e-2,0.7709775,False
655,0.19274294,-0.92918086,0.8391924,True
654,-0.4115758,0.38351762,0.5301511,False
653,0.83006394,0.72395337,0.7437246,False
652,0.3583417,-0.81355464,-0.58191776,True
651,0.8431517,-0.8940512,0.16258049,True
650,-0.37361872,-0.36721408,0.41589046,True
649,0.36824954,-0.96372855,-0.5105765,True
648,-0.9218247,0.3150295,0.22863984,False
647,0.16282856,-0.23631752,0.26034105,True
646,-0.40827382,-0.6441978,0.9427316,True
645,0.9926846,-0.77701855,-0.6103574,True
644,0.8690802,0.7132571,-0.6644429,False
643,-2.5753975e-2,0.34471762,-0.409361,False
642,0.13630128,0.86837363,0.8432722,False
641,7.4727535e-2,0.4774753,0.24447417,False
640,0.964026,0.8341484,-0.967103,False
639,0.7506832,-0.13812673,0.41827774,True
638,-0.5668266,-0.38216484,-0.41931927,True
637,-0.34058285,-0.65475214,-0.22795677,True
636,-0.5516696,-0.1707635,-0.634181,True
635,0.6835171,0.5750184,0.6219976,False
634,0.5006008,-0.11428559,-0.640561,True
633,-0.9790138,-0.50418365,0.12884915,True
632,-0.9989214,0.8755636,0.22248018,False
631,-0.11785698,0.44785893,-0.71531117,False
630,-0.94254124,6.025231e-2,-0.6298332,False
629,-0.6346115,-0.8303685,-0.10907185,True
628,0.37339616,-0.7019001,-0.5822487,True
627,-0.25784576,0.13462412,-8.063793e-2,False
626,-0.87150204,0.53336394,-0.24173355,False
625,0.98750603,0.21958756,0.17357695,False
624,0.69809794,0.35447145,0.80572534,False
623,-0.57109547,-8.8942885e-2,-0.68827856,True
622,8.001578e-2,-0.5002874,-0.12840116,True
621,1.6120672e-2,-0.6303215,0.5775596,True
620,0.93161523,0.30172312,0.8006767,False
619,-0.9837383,0.86431,-0.9693986,False
618,-0.8083744,-0.3462063,8.35129e-2,True
617,-0.9145764,-0.97204804,0.33525348,True
616,0.60291994,-0.42159927,0.6098237,True
615,-0.15749335,-0.68618524,-0.8986181,True
614,0.735145,0.98440015,-4.341948e-2,False
613,-0.7099173,0.591377,0.52999556,False
612,-0.5566417,-0.34430885,-0.14254367,True
611,-0.121640325,-0.9451616,0.8404825,True
610,0.8801687,-4.130137e-2,-0.25030792,True
609,0.1502577,0.5033164,-0.26681423,False
608,0.8675661,-0.61487746,-0.37879813,True
607,0.664188,0.60922515,0.8604394,False
606,0.17195761,-0.20822048,0.5824362,True
605,0.17808747,0.43952656,0.45402133,False
604,0.9880054,0.84104896,-0.36810625,False
603,0.68165946,-0.9133159,-0.76585793,True
602,-0.79707754,-0.20323682,0.8417144,False
601,0.9880049,-7.116151e-2,-0.4608885,True
600,0.94088745,-0.76414335,-0.28218377,True
599,4.709041e-2,-2.2359014e-2,-0.21271145,True
598,0.15142894,-0.54223764,0.36005485,True
597,-0.4490496,-6.556213e-2,-0.17339027,True
596,-6.329739e-2,0.5798919,9.093547e-2,False
595,0.25421703,-0.56712115,0.8990859,True
594,-0.8183199,-0.11001456,0.4044943,False
593,-0.15070546,-0.17610204,0.46508145,True
592,0.40063393,-0.17776167,3.913057e-2,True
591,-0.6402731,-0.42212725,0.86815953,True
590,0.13846731,-0.34894228,-0.15065408,True
589,0.7949462,0.30605495,-2.3822546e-2,False
588,0.10253775,-0.21639943,-0.8871318,True
587,-0.8722433,0.3481109,-0.7326721,False
586,0.1400708,-0.12310529,0.1289866,True
585,-0.11833477,0.56722474,-0.97505105,False
584,0.7104564,0.67512274,-0.9968289,False
583,0.9676931,-0.859795,-0.48724794,True
582,0.29494202,-0.7351774,0.9442283,True
581,0.7531886,-0.23365021,0.40652835,True
580,-0.75250554,-0.1349411,-0.60824025,True
579,-0.52170885,0.4782368,-0.9819058,False
578,0.62949693,0.454728,-0.7251848,False
577,-0.45194447,-0.71477437,-0.13973248,True
576,0.4828608,-0.54361165,0.5593611,True
575,0.21268868,0.54763854,0.7658999,False
574,-0.8500956,8.032894e-2,0.83723927,False
573,-0.15040052,8.832836e-2,-0.5865419,False
572,0.24688053,-0.19979763,-0.9747683,True
571,4.396069e-2,0.6583295,-0.33529174,False
570,0.5627165,0.29461348,-0.74215376,False
569,0.19745016,-0.7111021,-0.8549789,True
568,3.2131076e-2,0.77726626,0.93146217,False
567,-0.44076788,-0.820361,0.6116431,True
566,-0.17414796,-0.18481934,0.3918339,True
565,-0.4427948,0.69190717,-0.54815304,False
564,-0.35159993,-0.74938,0.6420653,True
563,0.27271044,-0.21883631,-9.714985e-2,True
562,-0.7219056,0.71620345,-0.29931366,False
561,8.72699e-2,-0.14920235,-0.665784,True
560,5.6102753e-2,0.48843324,0.22556949,False
559,-0.9711721,-0.81970274,-3.273499e-2,True
558,-0.2647097,7.5817585e-2,-0.935012,True
557,0.58714604,0.5993273,0.21692061,False
556,-0.5060276,-0.49284303,0.48462617,True
555,0.5134814,0.5738361,-0.38905442,False
554,-0.2649485,-0.209234,0.20439184,True
553,0.33582032,-0.82771003,0.24459743,True
552,0.9753009,0.5979655,-0.7170893,False
551,0.84660983,-9.320021e-2,-0.42885172,True
550,0.46945715,0.6326095,-0.54988325,False
549,0.43551946,0.7585807,0.351851,False
548,-0.38289988,-0.8485489,-0.6910182,True
547,0.26355755,0.30437708,-0.41580975,False
546,0.39330375,0.5827831,-0.40662622,False
545,0.6408603,-0.7702037,-0.35433507,True
544,0.103387594,-0.89291954,0.8425715,True
543,0.49238038,0.23370361,0.6449698,False
542,0.6562823,-0.4466927,0.41772866,True
541,-0.12849891,0.12931812,0.92894554,False
540,-0.37714374,-0.27189708,0.2289797,True
539,-1.0452151e-2,-0.103661776,-0.6830801,True
538,0.48896527,-0.28488803,-0.9264929,True
537,-0.41696668,0.68260527,0.8461325,False
536,-0.13807404,9.3287945e-2,-0.6479597,False
535,0.55230165,0.6418096,-0.9854778,False
534,0.79396,0.7202016,0.73593223,False
533,-0.5760019,0.3078946,-0.49133122,False
532,-0.67963946,-0.6195525,-0.35217464,True
531,-0.72377074,0.2567594,6.430197e-2,False
530,0.78988624,-0.58433676,0.72492266,True
529,-0.8920088,-0.97350574,0.9723891,True
528,-0.36342645,-0.93669283,0.46471334,True
527,-0.37371683,0.22916305,0.6364585,False
526,0.72372746,-0.8221705,-0.4414457,True
525,-0.9391662,0.9059768,-9.197104e-2,False
524,-0.25728977,-0.66252816,0.7156482,True
523,0.1189543,-0.10615361,-0.7703712,True
522,-0.65774035,-0.9722531,-0.7984706,True
521,0.8039503,0.92677736,-0.6325636,False
520,0.1779449,-0.7785412,-0.72765267,True
519,0.6079457,-0.67108154,0.109523416,True
518,-0.22422934,-0.6328409,-0.7076975,True
517,-0.73107684,0.3838104,-0.78072155,False
516,0.5867499,-0.19362593,0.17486382,True
515,0.36272466,-0.5398917,-0.2372309,True
514,-0.8496318,-0.6483476,0.6204264,True
513,0.45390618,-0.60000503,-7.339263e-2,True
512,0.39416838,0.50896835,-0.34187496,False
511,-0.44121194,0.27632475,0.8124136,False
510,-7.119727e-2,8.049488e-3,0.82864463,False
509,-0.25572813,-0.8668343,0.117753625,True
508,0.4750663,0.4020908,-5.56314e-3,False
507,0.7665477,0.4618361,0.14894378,False
506,0.31947112,0.6295196,-0.18994224,False
505,0.13473248,0.45144534,-0.41745293,False
504,0.14719927,0.4070834,-0.78805137,False
503,0.63969505,0.3085084,0.733891,False
502,-0.49609745,0.6242249,-0.5570235,False
501,0.16397297,-0.4888487,1.7025948e-2,True
500,-0.89664054,-0.5507947,-0.1910212,True
499,-0.663759,0.51589906,0.9706354,False
498,0.975057,-0.6048969,-6.961894e-2,True
497,-9.823525e-2,0.50132835,0.5286125,False
496,-0.8755107,7.766938e-2,0.12659693,False
495,0.15191555,0.68791175,1.2209415e-3,False
494,0.88985145,-0.66700745,-0.8598596,True
493,-0.7376696,-0.24695635,0.8976735,False
492,-0.7528596,0.81391656,0.6868497,False
491,-0.19056392,0.19224942,-0.50618815,False
490,-0.504987,-0.34143114,-0.82060623,True
489,-0.5438403,0.93410313,0.56539285,False
488,0.6255909,-0.53794575,0.52830803,True
487,-0.46892405,-0.83107007,-0.509562,True
486,-0.22242689,-0.2592082,0.123373866,True
485,-0.89892304,0.1381048,-0.7489296,False
484,0.6268281,0.47627354,-0.916772,False
483,0.39647722,-0.8777425,0.9693078,True
482,0.85564816,2.9807448e-2,-0.77406526,True
481,-0.60133445,-0.884442,-0.76820314,True
480,-0.5772526,0.19944143,-0.3191645,False
479,0.13845861,0.9395828,-0.41759014,False
478,-0.31491208,-0.48190844,0.35850823,True
477,0.6466888,9.951675e-2,0.9166151,False
476,-0.1217221,-5.199063e-2,-0.5999335,True
475,-0.56660223,-0.15778267,0.35193133,False
474,0.45959425,0.49162865,-0.34908485,False
473,-5.283618e-2,9.6765876e-2,9.927809e-2,False
472,-0.87020946,0.892583,0.22991931,False
471,-0.45524526,0.73143923,0.5232388,False
470,-0.5722705,-0.47094488,-0.6737498,True
469,0.5956687,-3.293097e-2,-0.44948506,True
468,8.3912015e-2,0.51291597,-0.71758354,False
467,-0.64275813,0.5195532,0.6186991,False
466,-0.69592786,-0.6940001,-0.8509946,True
465,0.87556195,-0.35344422,-0.6017562,True
464,0.56197834,-0.21334422,0.7502446,True
463,-0.8908098,-0.48282516,-0.27954078,True
462,0.60393226,-0.313282,0.5390543,True
461,-0.68190145,0.7326361,0.116678596,False
460,0.9309552,0.43952477,-0.99131954,False
459,0.42525327,0.4563805,0.21366274,False
458,-0.3783779,-0.6475091,0.5766077,True
457,0.9794823,0.56575334,-0.43840456,False
456,0.43395054,-0.75647914,-0.4098941,True
455,-6.155765e-2,0.44926333,-0.53648293,False
454,4.423964e-2,0.7467637,-0.65542746,False
453,0.97627676,0.4874357,0.61763716,False
452,0.57427454,-0.68535745,-0.46214032,True
451,0.92260695,0.492319,-0.3068794,False
450,-0.85324717,-0.13138068,-0.31260753,True
449,-0.37972474,-0.56293476,-0.97347724,True
448,0.82768476,4.114306e-2,-1.0123253e-3,True
447,-9.178996e-3,-0.31386018,0.3027426,True
446,0.72573817,-0.56970346,0.56895053,True
445,-0.524627,-0.84462214,6.279969e-2,True
444,0.82438767,0.6277853,-0.20839298,False
443,0.98082936,0.96170294,-0.7502489,False
442,-8.643317e-2,0.9712614,0.68511164,False
441,-0.82732594,-0.59576285,0.70479023,True
440,-0.37542403,0.63475883,-0.86492765,False
439,-0.34462118,9.948337e-2,0.67308855,False
438,-0.16369224,8.405411e-2,-0.31054497,False
437,-0.49060047,-1.2641907e-2,0.8369173,False
436,-0.5640726,-0.68486905,-0.63269234,True
435,0.54767597,-0.10636687,-0.24531674,True
434,-0.13174093,0.11276972,0.85549784,False
433,0.745191,0.85295117,0.35433495,False
432,0.58122563,0.5884553,-0.16711569,False
431,-0.78222835,-0.9701179,-0.3315524,True
430,-0.46120322,-0.7445725,-0.6292218,True
429,-0.26286745,0.83772016,0.9628538,False
428,0.55517673,-0.82943404,0.7036811,True
427,0.49274445,0.7029648,-0.901013,False
426,0.868489,0.97655225,-0.25265753,False
425,-0.18769836,0.28932273,-0.88290787,False
424,-0.18510056,0.5074003,-0.14528,False
423,-0.38705087,0.9926039,-0.7659148,False
422,0.3375497,-2.1745205e-2,2.472508e-2,True
421,-2.6022673e-2,-8.751094e-2,0.39435267,True
420,-0.5275217,-0.79892635,0.13935852,True
419,-0.24565566,-0.5380441,0.4913634,True
418,-0.25531256,0.9064777,-0.73421514,False
417,-0.483788,0.2184174,-0.8457842,False
416,0.54964006,-0.7594354,0.5386646,True
415,-0.29693973,-0.96536195,0.5035517,True
414,-0.32622194,-0.5243914,7.204139e-2,True
413,-0.5655434,0.23613513,-0.9503081,False
412,-0.6982156,0.24268341,-0.53682387,False
411,0.57729256,0.71629953,-0.38976288,False
410,0.87560856,0.24615419,-0.27845037,False
409,0.7707168,0.98740864,-0.22537565,False
408,0.23778808,-0.6199875,-0.917467,True
407,-0.9773773,-0.9959768,0.41666806,True
406,-0.90168226,0.76974356,-0.1398449,False
405,-0.90686905,-0.9092115,-0.2935642,True
404,-2.656579e-3,-3.628373e-2,-0.4944129,True
403,0.44122398,-4.021108e-2,0.71311724,True
402,-0.3898003,0.8761687,0.5846784,False
401,0.38523722,0.3329593,-0.35704052,False
400,-0.8446994,-0.9756093,0.5624436,True
399,-0.6269338,-0.17548108,-7.693362e-2,True
398,0.39402926,-0.29808283,-0.88485324,True
397,-0.8885642,-0.60060525,-1.9211054e-2,True
396,-0.21611226,0.59161484,-0.3188089,False
395,0.44599462,-0.25142682,0.7421087,True
394,-0.57221603,0.5094012,0.37822318,False
393,0.42251003,0.44548476,-0.5044923,False
392,-0.43996572,-0.521575,-1.3067484e-2,True
391,-0.72959304,-0.39651978,0.9944731,True
390,0.6780207,0.44868982,-8.892369e-2,False
389,-9.707141e-2,-0.52354777,0.359926,True
388,5.3290486e-2,0.68743205,-4.720068e-2,False
387,-0.6404811,-0.15923476,-0.41568577,True
386,-0.19795597,0.44746387,-0.18322682,False
385,-8.2084775e-2,0.9933623,-0.6327653,False
384,9.958565e-2,0.26054657,-0.93491304,False
383,-0.6091056,0.980047,0.28442454,False
382,-0.36923563,-0.87060106,0.6459223,True
381,-0.46388674,-0.2451253,-0.52592885,True
380,-0.6827258,0.8903874,-0.3935753,False
379,-0.6759143,-0.23494029,-0.63744366,True
378,-0.85247123,0.5723982,0.56866384,False
377,-0.73605454,-0.21709692,0.3534528,False
376,-0.8108978,0.54485524,-0.9672735,False
375,-0.23664057,0.44842112,0.41793048,False
374,-0.2731601,-0.115172744,-0.832901,True
373,0.40608037,9.6334934e-2,0.45581245,False
372,0.18002033,0.87902164,-0.34546697,False
371,-0.11976147,0.258726,0.7781973,False
370,0.9581388,0.10014689,0.56746876,False
369,0.40205348,0.50874615,0.14986646,False
368,-0.25542676,0.34370816,-0.19086993,False
367,0.6987953,-0.45186102,0.4112773,True
366,0.49287057,0.41446066,-0.5538869,False
365,-0.30391955,-0.19675565,-0.51784897,True
364,0.88084435,-0.22396457,0.9620805,True
363,0.93334806,0.8346623,-0.4708414,False
362,-0.97061324,-0.9053426,-9.0666294e-2,True
361,5.3413987e-2,0.12459409,0.5878587,False
360,6.5472245e-2,0.3500017,-0.74751496,False
359,-0.577826,0.20849752,0.49130118,False
358,0.1819557,6.1964273e-2,-0.42157674,True
357,-0.17665899,0.9820733,0.9012742,False
356,0.9462857,0.28468752,-0.29798996,False
355,0.13757503,0.66908157,-0.30778825,False
354,-0.17821062,0.35561097,0.61569107,False
353,0.16245699,-0.46153438,0.4412943,True
352,-0.19990706,0.23433971,-0.78374493,False
351,5.9611797e-2,0.6079111,-0.721138,False
350,0.8070749,0.86181223,0.116482496,False
349,-0.39393044,0.56747675,-2.4448752e-2,False
348,-0.4752438,-0.54263127,0.2633958,True
347,-0.94406414,0.8980602,-0.6328751,False
346,-0.61803997,5.4168582e-2,0.40623474,False
345,-0.35648036,-0.39705884,0.6789665,True
344,-9.325981e-2,-0.21771002,0.33176768,True
343,0.5017588,-0.24282932,0.44267738,True
342,0.93255675,0.74483895,0.26552165,False
341,0.8690115,-0.2005794,0.1410011,True
340,-0.56997466,-0.232036,0.3870647,True
339,0.46539295,0.38319266,0.32834136,False
338,-0.12863839,-0.2837211,0.90648866,True
337,-0.1381352,-0.78275466,0.5366709,True
336,0.52076423,-0.73748946,-0.76956177,True
335,-0.43929577,-0.6505325,0.77098656,True
334,-0.7282196,-0.2522719,-0.8308165,True
333,0.58910346,-0.6106446,-5.3385377e-2,True
332,-0.43563294,0.78673244,-0.8999939,False
331,0.8444103,4.8786998e-2,-0.60011554,True
330,0.95451343,-1.4538884e-2,-0.17591369,True
329,0.95353544,-0.2646451,-0.73672974,True
328,-0.25945318,0.6765528,-0.9449698,False
327,-0.14263201,-0.84643495,0.6919879,True
326,0.6593187,0.4011041,-0.46611643,False
325,-0.5006889,9.335995e-3,0.85113704,False
324,0.8903935,0.10104036,0.3952948,True
323,0.31616473,-0.13963592,-0.64275146,True
322,-0.46651018,-0.95806336,-0.28643787,True
321,0.30014467,-0.50948095,-0.12802744,True
320,5.5952072e-2,-0.62332046,-0.41099262,True
319,-7.168889e-2,-0.64542985,-0.35257196,True
318,-1.747787e-2,0.92337155,0.6169418,False
317,0.312894,0.51528645,0.9620198,False
316,-0.47051537,0.7820016,-0.84375286,False
315,0.41776264,-0.6582458,-0.504038,True
314,-0.47383022,-0.40000355,0.95652974,True
313,0.66364026,-0.9571618,0.12397969,True
312,0.20278299,0.75778186,-0.73489964,False
311,-0.58261967,-0.62743664,-0.7062684,True
310,3.9247155e-2,0.33581972,-0.9057387,False
309,-0.9399679,0.46990073,-0.750491,False
308,-5.915773e-2,5.74553e-2,-0.1225301,False
307,-0.22869039,0.55938745,-0.53379035,False
306,0.39376926,-0.24502468,0.8252499,True
305,-0.8812711,-0.7717912,-0.93551254,True
304,-0.21801054,0.69733775,0.60111284,False
303,-0.30890477,0.9999739,-0.34779382,False
302,0.16295278,-0.20505905,-0.89466405,True
301,2.3853779e-2,0.9611696,6.5760136e-2,False
300,0.31955504,9.624004e-3,0.7687565,False
299,-0.91500175,0.34679842,-0.8320775,False
298,-0.7815063,-0.4386766,0.6549468,True
297,0.24274504,0.24297357,-0.87242484,False
296,-0.9241594,-0.91084635,0.13578558,True
295,0.84164345,0.6231483,0.18206012,False
294,-0.7778435,-0.40133286,0.51198304,True
293,-0.7336824,0.43101394,0.6676873,False
292,0.22913074,-0.2883849,-0.6894847,True
291,0.22693336,-0.21981835,7.581627e-2,True
290,0.62150073,-0.124972105,6.7818284e-2,True
289,0.96434426,0.8253225,-0.9745741,False
288,0.62518597,-0.7270882,0.6672158,True
287,-0.3679905,6.0982227e-2,2.2606492e-2,False
286,0.6574036,-0.6657275,-0.20806348,True
285,0.5432296,-0.20008183,0.93380356,True
284,-0.6703297,1.8258214e-2,-0.8729944,True
283,-0.368958,-0.73428535,6.6747546e-2,True
282,0.43272245,0.5939189,0.8737452,False
281,-0.27485824,-0.7798401,0.289685,True
280,0.5596267,-0.6364775,0.6640054,True
279,-0.84610283,-0.3364997,-0.24693501,True
278,-0.23039687,0.64748824,0.6801529,False
277,-0.4438008,-0.7557819,-0.34301257,True
276,0.65745175,-0.8136599,-0.5837413,True
275,-0.98772204,-6.7698e-2,0.11531186,False
274,-0.7864517,-0.25821733,0.1435287,True
273,-0.3978554,-5.187273e-2,-0.1924882,True
272,0.12560344,0.65606475,0.63449705,False
271,-0.66262484,-0.46253037,0.9341301,True
270,-0.94569075,-0.34882748,0.64920676,True
269,0.4030788,-0.8101052,0.45663452,True
268,-0.42176545,0.57259667,0.47293854,False
267,-0.26231778,-0.4574269,0.42352092,True
266,0.25259924,0.544073,9.9800944e-2,False
265,0.94610965,0.36552012,7.8136206e-2,False
264,-8.118093e-2,0.3650278,0.4603274,False
263,-0.53083587,-0.5975654,0.52014935,True
262,-0.79804075,0.22850204,0.77421343,False
261,0.11764109,-0.62086284,0.4390403,True
260,-0.6950158,-0.9419894,-0.7873,True
259,-0.84417427,-0.85890806,0.255507,True
258,0.10294092,0.87159765,6.63569e-2,False
257,0.27981138,-0.93644,2.0627737e-2,True
256,-0.69414866,-0.5784761,-0.8077822,True
255,-0.6067771,0.90988886,-0.13402236,False
254,0.14339805,0.2599628,-0.8485701,False
253,-0.46300375,0.8205762,-0.93161523,False
252,-0.8136554,-0.563439,-5.7859182e-2,True
251,-0.882326,8.890748e-2,-0.92384493,False
250,0.545977,0.56404483,0.19726038,False
249,-0.121596456,-0.37671983,-0.3282132,True
248,0.1562072,0.95235693,0.8470348,False
247,0.21475387,0.22592223,-0.8846247,False
246,-0.5706388,0.13576412,-0.33521533,False
245,0.38221288,3.7852407e-2,0.5978471,False
244,-0.67324805,0.5380471,0.14381099,False
243,0.21722627,0.98261166,0.22971714,False
242,0.3913772,-0.4954028,0.43362534,True
241,-0.5348747,-0.78890514,1.2851477e-2,True
240,-0.70867693,-0.6570921,0.19065988,True
239,-0.91970265,0.27847743,-0.72156787,False
238,0.27093685,-0.30625844,0.5095315,True
237,-0.54999137,-9.687567e-2,-0.68621564,True
236,-0.62522805,-0.86766434,-0.25221598,True
235,0.6047125,-0.508055,-0.5963383,True
234,0.99269605,0.22931826,-0.33387256,True
233,-0.99622405,-0.93602777,-0.34635878,True
232,-3.3599734e-2,0.59674096,-0.43049848,False
231,-0.18149638,0.87246835,-0.6399559,False
230,-3.4929395e-2,-0.36181223,0.23475266,True
229,-0.10405934,0.888345,-0.5975559,False
228,0.51839066,-0.1699338,0.5139698,True
227,0.6974257,-0.3868389,7.2885394e-2,True
226,2.6425362e-2,-0.5233991,0.9653822,True
225,-0.37529016,0.94263804,0.5481359,False
224,-0.39490044,0.9235444,1.3176918e-2,False
223,-0.6427249,-4.6795607e-2,0.9423634,False
222,0.19592917,-3.0716896e-2,0.1952163,True
221,-0.6378164,-0.2730564,-0.48451602,True
220,0.6980243,0.29087687,-0.13533604,False
219,0.27020776,-0.97868717,0.78522694,True
218,0.18612158,0.8836812,-1.335597e-2,False
217,3.2682538e-2,0.9704486,-0.5469581,False
216,0.18167186,0.82814264,-0.2033149,False
215,0.6745986,-0.37107134,-0.6780796,True
214,0.8434149,-0.2899294,0.5101743,True
213,-0.516381,-0.82503486,0.20105875,True
212,-0.33743834,-0.25228858,-0.74634373,True
211,-0.8570297,-0.11076391,-8.485854e-2,False
210,7.800865e-2,6.787586e-2,-0.47693896,True
209,0.46141446,0.8299072,-0.350186,False
208,0.81903505,-0.18013656,-0.41665387,True
207,-0.59355855,0.41002548,-0.21792054,False
206,-0.39425886,-0.3464831,-0.6925534,True
205,-0.4441042,-0.68219423,-0.3227085,True
204,-0.7055036,0.62788546,-0.5465348,False
203,0.3026967,-0.3872192,0.4262421,True
202,0.36509585,-0.17508745,-5.9508324e-2,True
201,7.841241e-2,0.19590664,0.30183053,False
200,-0.55372345,-2.2766113e-2,0.8202865,False
199,-0.96286154,0.7314298,0.42806077,False
198,-0.6845447,0.4631195,0.100856066,False
197,-0.4922067,0.7036346,0.7953026,False
196,0.665589,0.41203463,1.4459133e-2,False
195,-0.19911873,-0.8712927,0.6320604,True
194,0.86332,0.91006255,-0.4071076,False
193,0.49124122,0.20198333,-0.1765604,False
192,0.9240036,0.6879903,-0.46194315,False
191,-0.44228673,-0.24931622,-0.8172815,True
190,-0.14929998,0.16111398,0.1184119,False
189,-0.1669128,-0.96848214,0.42766166,True
188,-0.9871329,-0.95607865,-0.14464629,True
187,0.10542011,-0.8720089,-0.83082557,True
186,0.20126045,0.5397924,-0.5512444,False
185,-0.6444346,0.35973513,-0.36906505,False
184,0.5291858,0.909606,-0.5388982,False
183,0.37212932,-0.14513063,0.33875966,True
182,-0.13614547,0.8785461,0.28531885,False
181,-0.5693896,-0.8592918,0.70956993,True
180,-0.6898327,-0.28692222,0.232597,True
179,0.11637497,0.4898734,-0.5029776,False
178,0.40010893,-0.5552144,-0.9250164,True
177,-0.41574895,0.479833,-0.23680818,False
176,0.24910617,-0.9103302,-0.27910364,True
175,-0.9777461,3.418219e-2,0.152691,False
174,0.8821778,-0.36916125,-0.4736383,True
173,3.576684e-2,0.48463392,0.24240649,False
172,0.48417258,0.4231335,0.7121171,False
171,-0.5357559,-0.8652303,-0.19692636,True
170,-0.46845293,0.20004416,-0.41537094,False
169,-0.17378938,-0.26988852,0.45357895,True
168,-0.58451617,-0.19602144,0.38837886,False
167,0.33870244,-0.95228434,-0.18288982,True
166,0.34047806,-0.76747096,0.22719455,True
165,0.7851064,0.8467556,0.2973137,False
164,-0.24603951,0.34283268,0.3240676,False
163,8.321786e-2,-0.3041551,-1.0853052e-2,True
162,-0.6951721,3.915012e-2,-0.3976091,False
161,0.9112241,0.32713008,0.59631264,False
160,0.90957725,0.6795038,0.68952703,False
159,0.39349866,-0.44648218,-1.1437893e-2,True
158,0.6706877,-0.88025844,-0.33872068,True
157,0.43737948,0.80959177,-0.41659307,False
156,-0.96979845,-6.42333e-2,-0.7010714,False
155,0.25534964,7.945299e-2,-0.5637269,True
154,0.69635737,0.83168864,-0.20773375,False
153,0.4551165,0.5696497,-0.549991,False
152,-0.23319721,-9.353161e-4,-0.38152206,True
151,0.18158853,-0.28038192,0.40539706,True
150,-0.8731208,-0.75075746,-0.6005471,True
149,0.17388284,-0.65507483,-0.37172794,True
148,0.75260806,-0.1305033,0.8739859,True
147,0.5547807,0.20898354,-0.7862307,True
146,-0.38351142,0.673208,0.8155434,False
145,-0.9071082,-0.23812103,-0.5645112,True
144,-0.7505586,7.238054e-2,0.34442687,False
143,1.6949058e-2,-0.5986911,0.84643304,True
142,-0.79389083,8.909106e-2,0.66296744,False
141,0.70890105,-0.8719193,-0.95625424,True
140,-0.35884738,0.18682337,-0.420568,False
139,-0.42059684,0.7909703,0.9117073,False
138,-0.9068811,-0.989782,-0.8141141,True
137,-0.38119757,0.72372067,0.4090203,False
136,0.8172879,0.12061536,-0.5992993,True
135,0.36616576,-0.96457183,0.2264005,True
134,0.22391236,0.30091786,-0.79317963,False
133,0.6701329,0.8444234,-0.18970942,False
132,4.077542e-2,0.42346466,0.9471762,False
131,-0.6866319,-0.8083596,0.5423542,True
130,0.27397048,0.69206345,-0.52135813,False
129,-0.8153353,0.56741476,0.98174417,False
128,-0.37207484,0.97766244,0.92746556,False
127,0.5108452,0.8112906,-0.42652345,False
126,0.1654551,-0.8630315,-0.98268616,True
125,-0.9629506,0.89742494,0.758867,False
124,-0.21690929,0.8183017,-8.353579e-2,False
123,-0.46221983,-0.2106986,0.22093499,True
122,-0.23528147,-0.2041378,0.7873213,True
121,-0.5876938,0.7689402,-6.1423063e-2,False
120,0.6312964,-0.33394742,6.504309e-2,True
119,1.54562e-2,6.990385e-2,-0.8901706,True
118,-0.8950434,-0.99951804,-0.3826598,True
117,0.4467417,-0.3145982,0.3502804,True
116,0.31161785,-0.2920035,0.66031086,True
115,-0.29724872,0.69095933,-0.28598487,False
114,-0.99416137,-0.8409511,0.19039488,True
113,-0.85265064,0.31762505,-0.66498303,False
112,0.5343338,-0.40350235,-0.7777207,True
111,-0.88982654,0.15524173,-0.5078813,False
110,-0.60878575,-0.6003907,0.7366073,True
109,4.4591665e-2,0.60287607,0.6203276,False
108,-0.28425825,-0.7949276,-0.2764963,True
107,0.7935715,-0.28692997,-0.6821743,True
106,0.5835384,-0.6567979,0.47374284,True
105,-0.70851755,0.5598893,0.25025415,False
104,0.23357749,0.41531944,0.98515725,False
103,-0.74882555,6.3491344e-2,0.43420124,False
102,-0.7676358,0.7121669,6.057787e-2,False
101,0.7831323,-0.28973377,0.6105937,True
100,-0.769176,0.7868806,0.6773236,False
99,0.43961406,0.9374751,0.87415826,False
98,0.67370033,0.8275423,-0.92968166,False
97,-0.785198,-0.9341935,0.6294383,True
96,0.13205993,-0.879413,4.3335915e-2,True
95,-0.80293274,3.4121275e-2,0.729254,False
94,-0.21606326,-0.7587502,0.91478264,True
93,0.29763782,0.169729,0.68423057,False
92,0.29798114,0.9569607,-0.70947456,False
91,-0.12919855,0.19662929,-0.7129028,False
90,0.7464403,-0.78498185,-0.25061977,True
89,0.84670174,-0.57122326,0.9475287,True
88,0.1654247,-0.3218335,0.9026885,True
87,-0.1878308,6.414926e-2,0.17520416,False
86,-0.935225,0.47439492,0.8355124,False
85,0.6927093,-0.22670567,0.32431638,True
84,-0.585286,-3.692162e-2,0.8708676,False
83,0.31647515,2.8803349e-3,-0.10802078,True
82,0.25706375,0.6083884,0.58833253,False
81,0.6334052,-8.7958455e-2,0.44318426,True
80,0.29410398,-0.46570802,-0.9738842,True
79,-0.19996953,0.29810596,0.9473419,False
78,-0.115825295,-2.0794153e-2,-0.607862,True
77,-3.0096292e-2,-0.16954637,0.5624423,True
76,0.9962841,-0.3986231,-0.1573391,True
75,5.8416724e-2,-0.14443612,0.8045478,True
74,0.9829172,0.4899298,-0.6690506,False
73,0.41328347,0.8533758,-0.36858857,False
72,0.449669,-0.32798588,0.85458374,True
71,-2.7336001e-2,8.711755e-2,-0.8376789,True
70,0.60915565,0.4602691,7.8062415e-2,False
69,-0.39962423,0.37394083,-0.96420014,False
68,-0.37788188,0.4003656,0.67368424,False
67,0.5667492,2.863729e-2,5.0765514e-2,True
66,0.61385906,-0.16862893,-0.3112787,True
65,-0.49688673,-0.506588,0.20618296,True
64,-0.74002016,-0.30980968,7.99731e-2,True
63,0.85033524,-0.7500926,-0.48097122,True
62,-0.37385333,0.62233007,0.4254806,False
61,0.25902212,0.63890266,0.89319694,False
60,-0.94770885,0.18085098,0.14758801,False
59,-0.9220791,-0.18838966,-0.6912564,True
58,-0.5159805,0.55260193,0.23238385,False
57,-0.601591,-7.015431e-2,-0.8655418,True
56,0.1233927,-0.5516783,-0.19655466,True
55,-0.50087464,-0.56158316,-0.50124705,True
54,-0.52843654,-0.83527565,5.8457017e-2,True
53,0.94547963,0.4678594,0.19691467,False
52,0.50151634,-0.4455179,-0.30007195,True
51,0.24958885,0.22432351,0.7108784,False
50,0.26635325,0.60071135,0.26953912,False
49,-0.6414434,0.8826133,3.0217052e-2,False
48,-3.788078e-2,-0.8297585,0.1259445,True
47,0.8853171,-0.30741036,0.50806594,True
46,-0.29118776,-0.8017427,0.4966221,True
45,-0.6425427,0.6633928,0.9360986,False
44,-0.28789353,0.6321068,0.54221404,False
43,-0.9423698,-0.7238078,0.21384096,True
42,-0.34444332,0.18446183,-0.855795,False
41,0.4206276,0.112187624,-0.25586736,True
40,-0.50650966,0.31763387,-0.8416834,False
39,-0.81695986,-0.16506064,0.70077455,False
38,0.84066427,0.53887486,0.38217926,False
37,0.15763867,0.32707882,0.97043836,False
36,-0.45784748,6.4180136e-2,-0.67091167,False
35,0.8685591,-0.41770017,-0.3292122,True
34,-0.21318865,-0.6100564,0.13734174,True
33,-0.15404558,4.93685e-2,0.48257315,False
32,0.38175702,-0.605844,-0.962597,True
31,0.32174194,-0.5971234,-0.72518075,True
30,0.8436247,-0.83334494,-0.77707136,True
29,0.34206676,-0.94229424,0.42996073,True
28,0.31508923,0.17413676,0.6887802,False
27,-0.8249152,-0.9455339,-0.20336759,True
26,0.43100238,-0.32839048,0.90995,True
25,7.875204e-2,0.49705744,-0.7875483,False
24,0.6243069,-3.157866e-2,-1.5702367e-2,True
23,0.99441564,-0.18225491,0.54456294,True
22,-1.9254088e-2,-0.8068423,-0.9127934,True
21,-0.9178704,-0.77730095,-0.92929137,True
20,-0.22591686,0.29628348,0.13374257,False
19,0.5601064,-0.9269099,8.194208e-2,True
18,0.7594845,-0.85222995,-0.7444862,True
17,-0.91663206,4.7764778e-2,-0.9469104,False
16,0.51001704,0.15716386,-0.42049456,True
15,-0.43612063,-0.229491,0.25655985,True
14,-0.1353631,-0.4491148,0.5016062,True
13,-0.88438225,0.7337798,-0.38249278,False
12,0.6658299,0.78557754,0.5791327,False
11,-0.8094779,0.4096923,-0.99610865,False
10,-0.8685353,0.1539644,-0.2869892,False
9,-0.28672934,0.8817576,0.111599565,False
8,-0.6009958,-0.77951765,0.21101534,True
7,0.41520035,-6.928706e-2,0.9657067,False
6,-6.4377666e-2,0.7175288,-0.8553593,False
5,-0.7667537,-0.6328821,6.793046e-2,True
4,0.14442563,-0.16535246,0.5165783,True
3,-0.6901256,0.31574404,-0.72063375,False
2,0.70668447,-0.48434007,-0.8006234,True
1,4.485607e-2,0.6066141,0.7997365,False
0,-0.82193744,-0.47831798,-0.3608396,True
