999,-0.6840702,-0.11804259,0.444744,True
998,-0.87426126,-0.75439036,0.60054696,True
997,-5.0194383e-2,0.36574364,1.919818e-2,False
996,-8.546424e-2,0.9583926,0.36446512,False
995,-0.9689895,0.18374276,0.8918185,False
994,0.14018607,-0.66792595,-0.15817845,True
993,-0.28670478,0.6420826,0.46684766,False
992,-0.14928126,-0.90004206,-0.8612844,True
991,-0.7151011,0.76854074,0.97710276,False
990,-0.76451325,-0.585376,-0.83259976,True
989,-0.45397055,-0.44757378,0.81019187,True
988,0.52102613,0.23151398,-0.7114661,False
987,-0.14850724,0.6319598,0.68490267,False
986,-0.31895792,-9.3955755e-2,-7.538724e-2,True
985,0.33307695,0.29000866,0.40664303,False
984,-4.42729e-2,-0.41917527,0.28562057,True
983,0.89497316,0.28626657,0.5292232,False
982,0.1725142,-0.5501361,-0.75724554,True
981,0.37397563,-0.121760726,0.72138476,True
980,-0.71372473,0.12809062,-0.8098875,False
979,-0.9220543,7.1796656e-2,-0.110715866,True
978,-0.2398597,-0.6365019,0.85638857,True
977,0.365793,-0.938962,0.96491635,True
976,0.44128644,0.24976087,0.4633869,False
975,0.23964489,-0.6026504,-0.35689032,True
974,0.88732314,-0.26545095,-4.8087835e-3,True
973,-0.11554754,0.8815167,-0.8797333,False
972,-6.5525055e-2,-0.43179953,0.36902165,True
971,-0.2828896,0.5045322,-0.23883784,False
970,0.86148894,-0.29387856,-0.754066,True
969,-0.45894015,-6.9376945e-2,-0.34485376,True
968,4.9631238e-2,-0.28305387,-0.116755724,True
967,-0.61719966,0.65683186,-0.34434307,False
966,0.45719075,-3.7451863e-2,0.94694996,True
965,-5.3959846e-2,-0.6190835,-0.47700763,True
964,-0.23525453,-0.8690355,0.6710988,True
963,0.5025176,0.46720588,-0.8720685,False
962,-9.183335e-2,0.9970187,-0.9164331,False
961,-8.645713e-2,0.75511444,-0.43757117,False
960,0.21325958,0.6730406,0.30520916,False
959,-0.5042188,-7.277405e-2,-0.9094485,True
958,-0.99267375,-0.7116847,1.4283419e-2,True
957,6.8966985e-2,8.659327e-2,0.9312211,False
956,-0.80535364,0.23268521,-0.6991246,False
955,0.7839383,-0.18016803,-0.8675283,True
954,-0.45583832,-0.6575097,6.38541e-2,True
953,0.7624155,-0.3408804,-0.69660985,True
952,-7.230806e-2,0.49808466,0.5859457,False
951,-0.7012522,0.9959562,-0.67285883,False
950,-0.964182,-0.915722,-0.88523734,True
949,-0.99180686,-0.97204566,0.36619067,True
948,-0.41875815,0.17509532,0.19618225,False
947,-0.95908666,0.8973974,-0.7345135,False
946,-0.4491334,-0.33872032,-0.3621285,True
945,0.51318586,-8.856177e-2,0.7088703,True
944,-0.67488265,-9.367418e-2,0.8465526,True
943,0.5270778,0.24569154,0.12807775,False
942,-0.7853596,-0.24876046,0.85157347,True
941,-0.8031889,-0.6168237,0.7282654,True
940,-0.43391395,-0.11543059,0.6408242,True
939,0.8504691,0.55313146,0.8841857,False
938,-0.3844378,0.4415394,5.345869e-2,False
937,-0.88532746,7.9610586e-2,2.620554e-2,False
936,-0.23768735,0.13835073,-0.8260329,False
935,0.45537448,-0.7026104,-0.2708459,True
934,-0.46166193,-0.9662999,0.3409983,True
933,-0.19061947,-0.8797072,0.99296486,True
932,-0.35501552,-0.13714087,-0.59465015,True
931,-7.344341e-2,-0.7421521,0.51232815,True
930,-0.45417178,0.627439,-0.57396114,False
929,-2.1640062e-3,0.4930228,-0.4362147,False
928,5.6728244e-2,-0.33471727,-0.698509,True
927,-0.95635784,0.2834376,-0.35182655,False
926,0.26537132,-5.6437135e-2,-0.121014714,True
925,0.5129094,-0.17086959,0.818751,True
924,0.57931507,-0.33129525,-0.5233859,True
923,0.39803684,-0.67245626,0.8926635,True
922,0.6374122,-0.9975511,0.6206627,True
921,0.18470716,0.73483133,0.8446343,False
920,0.287045,0.80272377,-0.6188115,False
919,0.111240625,-0.41376722,-0.4282236,True
918,-8.3043575e-3,0.91322064,0.1277101,False
917,-0.2591573,0.16556203,-0.5500872,False
916,0.97906065,-0.89507866,-0.6304842,True
915,-0.2674011,-0.7356242,-0.66956174,True
914,-0.8654207,0.34380043,-0.81483066,False
913,0.5256295,-0.7849786,0.27987278,True
912,0.3849051,-0.15158701,-0.8816619,True
911,0.31865454,-0.44772947,-0.6678215,True
910,0.30057967,-1.4318228e-3,0.5012207,False
909,-2.7582169e-2,0.13261163,-0.7733216,False
908,-0.7267157,-0.6427281,0.65298665,True
907,-8.12161e-3,0.59392416,-0.5096775,False
906,0.79949224,-0.47553587,-0.7634233,True
905,0.89270806,-0.26857817,-0.28368104,True
904,0.48959398,0.27845,6.2008023e-2,False
903,0.51693416,-0.9319918,-0.2391057,True
902,-0.5649289,-1.5987992e-2,-0.7548702,True
901,2.8745174e-2,-0.29702723,-0.9577069,True
900,0.7007266,-0.8454052,-0.85558665,True
899,8.372188e-3,-0.5594412,0.39011145,True
898,-0.6942346,-0.7595531,0.28148782,True
897,-0.66670716,-0.9940268,-0.39977312,True
896,-0.21558034,-0.81552947,0.49556482,True
895,0.97446585,-0.750059,-8.240235e-2,True
894,0.76876307,0.94583845,-0.84582984,False
893,-0.11953342,0.28409433,0.3437072,False
892,-0.47195363,0.13854706,0.257069,False
891,-0.60600495,0.8514756,0.42760026,False
890,0.30264008,0.4327079,-0.8581114,False
889,0.26157856,0.46776438,0.44179595,False
888,-0.80960953,0.59507954,-0.6147653,False
887,-0.7353728,4.3597817e-2,0.6095232,True
886,2.1416903e-2,0.75263405,0.9805479,False
885,-0.3875692,-0.5276879,8.524561e-2,True
884,-0.23060548,-0.8153763,-0.7109686,True
883,2.1176696e-2,0.33991563,-0.31783164,False
882,0.12845302,0.7675432,0.945065,False
881,-0.89321256,-6.2400103e-3,0.5830443,True
880,0.8423228,0.8888979,-0.8036579,False
879,0.6743494,-0.8584297,0.4597001,True
878,-0.6572783,0.49513602,0.99115276,False
877,0.9107609,-0.49544477,-0.15624988,True
876,-6.299114e-2,-0.25284886,0.22213411,True
875,0.93600523,-0.1069957,-0.7958325,True
874,0.71338797,0.89698625,-0.31522357,False
873,0.2174753,0.631425,-0.22722387,False
872,-0.8953277,0.10032117,-0.5127256,False
871,-0.47120333,-0.83376944,0.80411494,True
870,0.6900507,0.27137923,0.8154316,False
869,-0.13233578,0.15253377,0.21715546,False
868,0.9332657,0.21504045,-1.7380476e-2,False
867,0.40774918,0.2546352,-0.24880421,False
866,-0.68572867,-0.14577901,0.48197603,True
865,0.9972973,0.4334545,-0.51124525,False
864,-1.3852239e-2,-0.25853753,-0.80351484,True
863,-7.344115e-2,0.68961596,-0.38566005,False
862,-0.9228537,0.3316164,-0.16809821,False
861,-0.50755024,-0.7572783,0.6886803,True
860,-0.97876024,0.8678751,-9.844577e-2,False
859,1.4312863e-2,-0.47312212,-0.464723,True
858,-0.28533328,-0.68591344,-0.61781967,True
857,0.96593034,4.3210506e-2,0.56588984,False
856,-0.15659332,-0.56576014,0.56841993,True
855,-0.12206745,0.40071523,-0.16637123,False
854,-0.1469791,-0.3234669,-6.978619e-2,True
853,0.9907471,-0.32565343,-0.8366935,True
852,0.1861924,-0.9845824,0.44137323,True
851,0.1054734,-0.95224607,-0.29648352,True
850,-0.74011016,-0.6754018,0.22349489,True
849,-5.686891e-2,7.465863e-2,0.43187773,False
848,-0.4721794,0.8189031,-0.39705276,False
847,0.3987471,-0.21842265,0.6342236,True
846,-0.44148195,0.50828326,0.49987662,False
845,-0.82712376,0.44186747,0.9070494,False
844,-0.84727705,-0.6447549,-0.5591482,True
843,-0.74041164,-0.78656423,0.52370584,True
842,-7.536459e-2,0.13454175,-2.868414e-3,False
841,0.967404,0.73943806,-0.82158804,False
840,0.34411895,-0.9686253,-0.41805995,True
839,-0.6282834,-0.69797444,-0.70324147,True
838,-0.2695353,-0.28746176,-0.5691602,True
837,-0.9367126,-0.97420704,-0.3970623,True
836,-0.42442477,0.2671708,0.53945076,False
835,0.9964887,-0.7462033,0.4211353,True
834,-0.87806666,0.34898698,-0.4337734,False
833,0.35605347,-0.47998822,6.862104e-2,True
832,-0.707296,-0.2995689,-0.854735,True
831,-0.90329146,-0.9418279,0.60497856,True
830,-0.9967787,-0.34717166,-0.6245841,True
829,-4.127741e-3,-0.21507311,0.6560358,True
828,-0.8275094,0.8221097,0.13256061,False
827,-0.751155,-0.6240978,0.9452326,True
826,0.3607229,-0.21586025,0.21028209,True
825,0.17914689,0.59600294,-0.4003173,False
824,0.54656374,0.44088662,-5.7780504e-2,False
823,-0.27743042,0.9166436,-0.3632164,False
822,0.98987997,-0.9317471,0.6922816,True
821,0.6598083,-0.8570554,0.47013485,True
820,-0.62403286,0.40500414,-2.6555538e-2,False
819,0.9741194,-0.20258129,0.70308506,True
818,0.22244525,5.636108e-2,0.12928307,False
817,0.9231186,0.45134103,-0.42160857,False
816,-0.17346859,-0.5678326,-0.63303125,True
815,0.9441513,0.96046436,-0.9001062,False
814,0.8689554,-0.4763478,-0.7042817,True
813,0.4634316,-0.6794412,1.0608435e-2,True
812,0.76836956,-0.75328624,0.9907229,True
811,0.6253264,0.97500443,0.22066665,False
810,3.505373e-2,-0.7421869,0.95876706,True
809,-0.22914875,-0.82807875,0.44511437,True
808,-0.56148887,1.2245536e-2,0.59314275,True
807,0.56606615,-0.7217361,-6.534457e-3,True
806,-0.95642936,-0.20895624,-0.666155,True
805,-0.47026265,-0.58373106,0.8483864,True
804,0.48428798,0.8890215,0.90447176,False
803,-0.23155046,-6.51325e-2,-0.31561506,True
802,0.9558253,0.82875466,0.86020374,False
801,0.91942,0.8496399,8.5582614e-2,False
800,-0.62723947,0.939242,-0.9164474,False
799,-0.87251544,0.46776903,-0.81993246,False
798,0.59030735,-0.79716563,-0.8670957,True
797,0.6423694,0.6462989,0.6688554,False
796,0.25673592,-8.648968e-2,0.61183095,True
795,0.26082802,-0.8700279,-7.753837e-2,True
794,0.91884434,0.66662455,0.82847655,False
793,-0.14408708,0.2796632,0.7730439,False
792,0.42483795,-0.35852873,0.90471745,True
791,-0.4181733,-0.28453553,0.8768648,True
790,6.740439e-2,-0.17525327,0.7250066,True
789,5.9326053e-2,0.9106715,0.35231972,False
788,-0.342178,0.6797489,0.35367322,False
787,-0.38857138,-0.27914178,0.3476404,True
786,0.350608,-0.29330552,0.29261076,True
785,-0.86577785,-0.13571095,-0.85382295,True
784,0.9195157,-0.49516118,-0.65515375,True
783,-0.12778366,-9.796214e-2,0.8773178,True
782,0.94058025,-0.12267375,-0.5521722,True
781,0.71945035,7.944834e-2,0.2609458,False
780,-0.739077,-0.9057659,0.20308912,True
779,-0.8199972,0.48570585,0.45616174,False
778,0.73891664,-0.11341107,-0.79911137,True
777,-0.6482482,0.29998636,-0.17108953,False
776,5.7538986e-2,-0.7450557,-0.36083472,True
775,-0.32294917,-0.17582524,0.1923207,True
774,0.4809519,0.5491879,0.743453,False
773,-0.5538807,-0.4611919,8.870685e-2,True
772,0.7124313,0.9152758,-0.6745826,False
771,0.49097216,-0.8211826,-0.968343,True
770,0.20206964,-0.46480906,0.62109447,True
769,-0.29966784,-0.82662857,0.53583455,True
768,-0.23622775,-0.9218544,-0.25425303,True
767,-0.60292757,-0.5776744,0.7027905,True
766,-0.99846673,-0.20122182,-3.4018874e-2,True
765,-0.40070093,-0.7482326,0.34931898,True
764,0.67486656,0.69565845,0.2847792,False
763,0.9747306,0.27124083,0.8700627,False
762,1.3142109e-2,0.85420763,-0.38848138,False
761,2.2527218e-2,-5.171883e-2,-0.62249804,True
760,-0.37431002,0.19156528,-0.48894203,False
759,0.22118342,-0.6025704,-0.7225193,True
758,-0.8834082,-0.29047918,0.94737566,True
757,-0.46240413,0.92135274,-5.9470057e-2,False
756,-8.135915e-2,-0.7283782,-0.72967434,True
755,-0.33407497,-0.3392154,-0.61045194,True
754,-0.23755765,0.31607366,-7.13681e-2,False
753,0.52456105,-0.5838052,-0.24247706,True
752,0.45696354,0.5940031,0.79555225,False
751,-8.815718e-2,-0.9089625,-0.7715888,True
750,-0.19746494,0.9990486,-0.97177255,False
749,-0.9164934,8.3622694e-2,-0.38382864,False
748,-0.12223399,-8.568847e-2,0.7927674,True
747,0.19021487,0.81168604,0.9448408,False
746,0.42767942,-0.28629744,-0.33468628,True
745,-0.22342992,0.81377816,9.4979405e-2,False
744,-0.82783854,-0.74205387,4.9281836e-2,True
743,0.47275078,0.70379543,0.2740718,False
742,-0.31218386,-0.892707,0.4396838,True
741,0.5063938,0.9003415,-0.15825164,False
740,-9.522545e-2,-0.5375757,0.9658432,True
739,-0.6851678,-0.6505116,-0.23950016,True
738,-0.33125365,-0.7776848,9.248209e-2,True
737,0.31638944,-0.4157549,-0.7222799,True
736,-2.3075461e-2,9.9213004e-2,7.853532e-2,False
735,-0.40475476,-0.76838493,-0.98426545,True
734,-0.753415,-0.46784592,0.6975106,True
733,-0.8176609,-0.7796122,-0.63731825,True
732,-0.863377,-0.3208052,-0.8103198,True
731,-0.3879342,0.6138011,0.79834473,False
730,0.38750148,-0.100078106,0.2488054,True
729,-0.93266296,0.3049221,-0.32824922,False
728,0.3107313,-3.0089378e-2,0.7232319,True
727,-0.40202582,-0.5619669,-0.5297469,True
726,-0.97151923,0.42772543,-0.47337806,False
725,4.3499827e-2,0.24353373,-0.10212934,False
724,-0.18825197,-0.6938995,-0.27336586,True
723,0.9130738,0.36835825,-0.7226063,False
722,0.78794885,-0.11801624,-0.38255334,True
721,-0.5566553,0.20225489,0.4536234,False
720,-4.801476e-2,-0.6678473,0.2270981,True
719,-0.16594982,0.21765423,-0.35597682,False
718,0.36106527,0.5449685,0.48740745,False
717,0.7842257,0.29027057,0.37673903,False
716,-0.7826586,-0.2548176,0.21865082,True
715,0.703828,-8.491218e-2,0.26186037,True
714,0.86502326,-7.116783e-2,-0.83190763,False
713,2.6878953e-2,0.85361826,0.19205236,False
712,8.9411974e-2,-8.6434245e-2,-0.7446767,True
711,0.9741688,0.28518188,-0.5725075,False
710,0.5801767,0.52917516,-0.987175,False
709,0.6958498,0.5377859,-0.77346885,False
708,0.27386606,-0.48163962,-0.436041,True
707,0.15504742,-0.53186655,0.5624943,True
706,-7.371247e-2,-0.6827222,-0.128479,True
705,0.47257483,-0.8464345,0.21911931,True
704,0.83914256,-0.10478902,0.63836527,True
703,0.24440753,0.56846285,0.3926493,False
702,0.49081314,0.94051945,-0.8306396,False
701,-0.91162574,0.3213594,-0.6094104,False
700,-0.88678646,-0.9539883,-0.33245134,True
699,-0.77983487,1.0564804e-2,0.91418576,True
698,0.7277752,2.1455765e-2,0.21368992,False
697,-0.25410342,0.9514632,-0.31636727,False
696,0.57012534,0.36448193,0.75377333,False
695,0.24987006,1.9786477e-2,0.5778396,False
694,-0.47183907,-0.805887,0.6267177,True
693,-0.6039357,0.8265779,-9.163284e-2,False
692,0.95458794,-0.7600125,-0.94540393,True
691,-0.8458686,-0.15562189,-0.9663117,True
690,-7.333255e-2,-6.694436e-3,-0.13098931,True
689,0.8030038,0.6737349,-0.1649847,False
688,0.3156879,0.78464437,-0.89254117,False
687,-0.1038903,-0.92461693,0.11032963,True
686,0.48720586,-0.6002767,0.39580798,True
685,-0.6766529,0.15439296,-4.20568e-2,False
684,-0.8645537,0.85315514,-0.9795135,False
683,0.43726075,-0.88453007,0.1560626,True
682,0.61432326,0.737695,-0.9052731,False
681,0.99214447,0.61514723,-0.7427509,False
680,9.8801136e-2,0.47587264,-0.1861273,False
679,-0.91256857,0.1605655,0.9617199,False
678,2.556181e-2,0.50838447,-0.7821274,False
677,0.9891015,-0.15324664,-7.4230194e-2,True
676,0.7090924,-7.539964e-2,-0.5515151,False
675,0.33053637,-0.6193074,-0.58961606,True
674,0.17439842,-0.81158876,0.18472922,True
673,0.26179898,0.635808,-0.16423571,False
672,-8.287954e-2,-0.8897282,-0.8597529,True
671,-8.147478e-2,-0.39095366,0.5884867,True
670,-0.49278045,-0.17921484,0.40613592,True
669,-0.29832292,0.592016,-3.8776755e-2,False
668,0.9974632,-0.22480428,-0.8727441,True
667,-0.7261958,0.27352023,-0.86235857,False
666,-0.6943333,7.9971075e-2,0.76167417,True
665,0.72448313,-0.5303303,-0.828069,True
664,0.50968206,-0.96233964,0.61182153,True
663,0.896521,-0.23341596,0.78136075,True
662,1.5338659e-2,0.40240562,-0.83886695,False
661,0.2601385,0.22820282,0.8523667,False
660,-0.21620953,-0.23213375,-0.7894747,True
659,0.66762245,-0.68074846,-6.0754776e-2,True
658,-0.4918183,0.7327901,-0.5255283,False
657,-0.4851997,-7.922554e-2,-0.31687486,True
656,0.22139633,-0.67080855,0.22396624,True
655,9.257853e-2,7.110715e-2,-0.1811223,False
654,-0.9401281,0.98052263,0.4664353,False
653,-0.7931249,0.2945236,0.15800154,False
652,-0.68710136,-0.84014785,4.0853024e-3,True
651,-0.2371558,0.7185501,9.6907854e-2,False
650,-0.9654689,-0.7983885,-0.62786233,True
649,-0.7941884,9.534514e-2,-0.47368193,False
648,-0.87087417,-0.42743945,-0.5198705,True
647,0.6127161,-0.5484264,0.6020715,True
646,0.5220536,0.61366355,4.251337e-2,False
645,-0.7565347,0.865286,0.81281996,False
644,-0.3982432,0.38871324,0.23894179,False
643,-0.7603589,0.65966594,0.31234252,False
642,0.8730196,0.4792943,-0.8308672,False
641,-0.1889615,-5.3666115e-2,0.21905851,True
640,0.54119337,0.99877393,-0.26908875,False
639,-0.5947486,-0.3820176,0.7386341,True
638,0.38989544,-0.46603668,0.4536246,True
637,0.1959542,0.6788238,0.2763468,False
636,0.2854402,-0.3213055,0.2603464,True
635,0.6991916,5.681157e-3,-0.35570753,False
634,-0.254323,8.748174e-3,0.19595444,True
633,-0.3325045,-0.5423585,-9.335983e-2,True
632,-9.923148e-2,0.25626814,-0.53888357,False
631,-0.58852947,-2.143383e-2,0.6699555,True
630,-0.5816313,0.68451524,-0.5810479,False
629,4.6202183e-2,-0.76371384,-0.6043873,True
628,-0.4870497,0.47628248,0.32448637,False
627,-8.7225914e-2,-0.1658839,0.97806096,True
626,-0.9950458,-0.3283887,-0.57649326,True
625,-0.30153787,-0.8700603,-3.7767053e-2,True
624,-0.20813084,-0.3268019,-0.58349144,True
623,0.31106222,-0.5281441,-0.3881017,True
622,0.20485377,-0.37672412,-0.7833619,True
621,0.512221,-0.9058794,-0.99080074,True
620,-0.8131896,0.833127,-7.043767e-2,False
619,-0.7557647,-0.41645575,-0.44207776,True
618,-0.21153247,0.7203598,0.46170712,False
617,0.23519921,0.94324756,-2.889967e-2,False
616,-0.25249195,0.64761937,-0.7225429,False
615,0.28105962,0.3734902,0.84293354,False
614,0.41677403,-0.5093075,-4.1954756e-2,True
613,0.55925107,-0.42377532,0.3579259,True
612,0.68843997,0.58553386,-0.38408625,False
611,7.8045964e-2,0.33634448,-4.820347e-3,False
610,-0.34624124,-2.2400618e-2,-0.107462645,True
609,-0.8663188,-6.309843e-2,-0.7885965,True
608,0.72422826,-0.94093287,-0.1952349,True
607,0.5285684,0.5558162,0.7760329,False
606,-0.971756,-0.7568772,-0.43294406,True
605,0.15995336,0.62493944,0.9745003,False
604,-0.48399985,0.7067262,0.5022807,False
603,0.13767898,0.81417465,-0.22589207,False
602,-0.9525913,-0.91095245,0.16130042,True
601,0.1576786,-0.4273597,-0.43999267,True
600,0.62827635,0.21000254,0.87869406,False
599,-2.048254e-2,0.7241061,0.3840605,False
598,0.60447824,-0.44290185,5.4341435e-2,True
597,-0.3585379,0.6054013,-0.5862174,False
596,-0.8568249,0.28062594,-0.61172307,False
595,-0.1872648,-0.20194995,0.12714767,True
594,-0.36678934,0.15533972,-0.6779289,False
593,-0.29732978,-0.8064784,0.69166756,True
592,0.7056817,-0.7463871,-0.5825275,True
591,0.24484265,-0.19703257,-0.6566428,True
590,0.86355174,-0.35217834,-0.81608367,True
589,-9.330213e-2,-0.36945295,0.9231546,True
588,-0.9976984,3.0962467e-2,-0.6525744,True
587,-0.11659956,-0.624827,-0.26157248,True
586,5.6902647e-2,0.49408257,9.013522e-2,False
585,-0.49489033,0.35368943,-0.40838945,False
584,0.15373206,0.8347769,0.40582573,False
583,-0.23642457,0.3998537,0.7544979,False
582,0.96369517,-0.97560096,0.3212719,True
581,0.2631849,0.98382664,-0.21112752,False
580,0.2556448,-9.557009e-4,0.66561425,True
579,0.9279367,-0.9111397,-0.10585451,True
578,-0.46846986,0.52990603,-0.924412,False
577,0.7369343,-0.44134808,0.6378664,True
576,-0.3508439,-0.42696142,-0.540596,True
575,-0.11102939,8.495867e-2,5.5681586e-2,False
574,0.5059656,0.19923079,0.5319991,False
573,0.7202796,-0.8983244,-8.598852e-2,True
572,-0.2644322,-0.18115532,8.7671995e-2,True
571,0.7471018,-0.36917663,0.37659657,True
570,0.9854615,5.9984922e-3,0.13634825,False
569,-0.25751758,-0.31060815,-0.20253813,True
568,9.578824e-2,0.8705807,0.611807,False
567,0.4579463,0.8645115,0.26200557,False
566,-0.3212011,0.122425675,8.76739e-2,False
565,0.7154381,-0.75016224,-0.14502406,True
564,0.8207233,-0.56908274,-0.18413854,True
563,-0.83250237,-0.7975031,-0.69871426,True
562,-0.41048837,0.18422675,-0.13765943,False
561,0.8635187,-0.26103354,-0.30073416,True
560,-0.85317445,0.5221158,-0.5491079,False
559,0.5506904,0.9167483,-0.22874522,False
558,-0.9677007,0.33026505,-0.41435778,False
557,-0.5282563,-0.44052553,0.91951716,True
556,0.3048445,0.9974359,-0.9514415,False
555,0.36164677,0.64337826,0.1233232,False
554,-0.17240131,5.6094408e-2,0.40872073,False
553,-0.44490433,-0.6379603,0.70392203,True
552,0.5846683,0.26422465,0.34984612,False
551,-0.34320796,-0.4589001,-0.38197017,True
550,0.8025856,0.47879112,-0.11382413,False
549,0.8856623,0.5694579,-0.64529824,False
548,-0.3519485,-0.85900974,-0.64789295,True
547,3.4651518e-2,0.3311553,0.5399287,False
546,-0.41013038,0.23100841,0.99798775,False
545,-0.285015,0.48940456,-0.23140454,False
544,0.49540567,-4.4869065e-2,-0.37131608,False
543,-0.46626568,0.5382079,-0.9792347,False
542,0.75197184,-0.11353636,-0.5383612,True
541,-0.47933805,-0.85872316,0.6861912,True
540,0.4208666,-0.7558048,0.18955493,True
539,0.50499964,-0.90925515,0.94738567,True
538,0.3676381,-0.24652767,0.62201023,True
537,0.11008692,-0.6712518,0.61337686,True
536,0.9214041,-0.68756187,-3.675127e-2,True
535,-0.8086072,-0.8381239,-0.29833937,True
534,0.66987133,-0.46256387,-0.68430686,True
533,-0.19789481,-0.61523783,0.71727777,True
532,0.15371203,0.21189177,0.8991306,False
531,0.4219334,0.11143947,-0.31979692,False
530,0.32631505,0.19004619,-0.7513107,False
529,-0.8654885,-0.6348121,-6.284654e-2,True
528,0.86601484,0.68930364,-0.25831628,False
527,-0.82461286,-0.93060815,0.7002183,True
526,-0.11313963,0.86078584,5.516255e-2,False
525,-0.9708983,0.82221365,0.7858416,False
524,-0.5777489,-0.78720343,0.16983509,True
523,3.1268716e-2,0.57440746,-0.9377959,False
522,0.8397738,-0.5939157,0.8394873,True
521,-0.7134192,0.8983058,0.99523664,False
520,0.19948757,0.79679406,-0.44523036,False
519,-0.75878143,0.6996397,0.71567917,False
518,-0.119009376,0.70456624,-0.8058195,False
517,-0.65886843,-0.50018764,-0.29061663,True
516,0.12892663,0.21210277,0.4653833,False
515,-0.18056393,0.32732642,0.25558484,False
514,-0.2872157,-0.3853495,0.81233954,True
513,0.46546638,-6.677401e-2,-0.4734497,True
512,8.134258e-2,-0.9502698,-0.6694201,True
511,0.8463527,-0.59190714,0.51023364,True
510,-0.6956562,-0.70021725,-0.64490473,True
509,0.10199189,-0.754619,0.6896913,True
508,-0.34017098,-0.7641107,-0.50608206,True
507,-0.4780432,0.22402465,-0.15049255,False
506,-0.16599166,0.8627143,0.6691326,False
505,0.59987175,-0.8488611,-0.9613695,True
504,-0.61886024,-0.9109006,-0.68758404,True
503,0.6665288,0.6232419,4.7651768e-2,False
502,0.98640645,0.34359932,-0.35772526,False
501,0.93774164,0.6168078,0.4183197,False
500,0.46301842,0.18567324,0.3013003,False
499,-0.77363956,-0.25472546,0.4410597,True
498,0.79043376,-3.8549304e-2,0.5358629,False
497,0.6000515,-0.39129007,0.49595356,True
496,-0.38210702,0.9193486,-0.9831641,False
495,-0.10783386,0.7916069,-0.867206,False
494,0.8228587,4.2224646e-2,-0.69561446,False
493,0.4653666,0.6161649,-0.77584636,False
492,0.9544815,0.7697562,0.3839966,False
491,0.582955,-0.61338973,-0.31390595,True
490,7.866502e-3,-0.76936114,0.14046443,True
489,0.19630611,-0.8861157,-0.37041116,True
488,-0.7927625,0.5010314,0.6338706,False
487,-0.21261477,0.19880521,0.8311851,False
486,-0.48831558,0.8096734,-7.7616334e-2,False
485,0.4104998,-0.8474952,0.15471017,True
484,0.92121875,-0.27103114,0.38507164,True
483,-0.19755697,0.64830124,0.43302798,False
482,0.7322706,-0.6188427,-0.38858008,True
481,3.44429e-2,-0.8068708,7.980466e-3,True
480,0.75582075,-0.24949765,-3.340268e-2,True
479,-0.70745707,0.34252954,-0.34841645,False
478,0.7566724,-0.5541407,-0.22939837,True
477,0.23313439,-0.47869253,0.8294599,True
476,0.22961247,0.9390209,0.4900974,False
475,-0.361436,-0.46976638,0.90948606,True
474,-0.37740386,0.34587228,0.567078,False
473,0.6408205,0.917161,-0.20276105,False
472,-0.47543597,0.2065736,9.43501e-2,False
471,0.45873535,0.8285246,0.9039327,False
470,0.61581993,-0.24004841,0.99840426,True
469,0.2638502,-0.9779743,0.56592834,True
468,0.66327477,0.5452584,0.85625505,False
467,0.76720905,-0.9847944,0.83706856,True
466,0.3050239,8.6205125e-2,0.19852424,False
465,-0.7488711,-0.79307544,0.54424644,True
464,0.693282,-0.1612879,0.96792424,True
463,-0.18663585,-8.688569e-3,0.19420278,True
462,0.34453416,-0.49310696,0.13273358,True
461,-0.6638515,0.2878791,-4.1596174e-2,False
460,0.15330756,-0.8928095,0.41681898,True
459,-0.5576031,-0.3423369,0.47720087,True
458,-0.100488186,-0.25856006,-0.66670203,True
457,-0.73199964,1.0504246e-2,-0.9934335,True
456,-0.47369874,-3.7043333e-2,0.6648505,True
455,-0.42684793,-0.69176316,-0.68115366,True
454,-0.17106748,-0.5597372,9.114051e-2,True
453,-0.4651425,-0.596118,0.4104153,True
452,0.32404077,-0.97517467,-0.19019198,True
451,-1.2633324e-2,0.21554089,-0.7340493,False
450,0.4153887,0.17570126,0.16444767,False
449,6.2429547e-2,-0.75470245,1.2427807e-2,True
448,-0.92612255,0.5473684,0.94282496,False
447,9.99794e-2,0.42883086,8.2227826e-2,False
446,0.9440938,4.8897862e-2,-2.6356459e-2,False
445,0.98343027,-2.5686264e-2,0.40130877,False
444,0.58572733,-0.37063563,-0.5617187,True
443,-0.69698346,0.44633245,-0.6041738,False
442,0.82434976,-0.4452449,-0.31186295,True
441,5.657804e-2,-7.5303316e-2,-0.23675454,True
440,-0.86902654,6.637204e-2,-0.6188332,False
439,-0.7384757,0.85608697,0.7979852,False
438,0.73382056,-0.4410721,-0.21775413,True
437,-0.66228247,1.4295101e-2,-0.9000313,True
436,0.17386794,0.7480432,-0.13935924,False
435,0.34449792,-0.88816583,-0.268561,True
434,0.42473173,0.14714289,0.6431072,False
433,-0.7822125,-0.5856801,-0.8596952,True
432,0.70049465,-0.28030777,-0.95142186,True
431,-0.9518976,0.21875107,-0.46938574,False
430,0.22095823,-0.11169112,-0.84973097,True
429,0.98519635,-0.14394689,-0.39426768,True
428,-0.47092354,0.7555181,0.44207442,False
427,0.6003059,0.49329078,-0.92787504,False
426,-0.54419184,0.8378717,0.80980396,False
425,-0.47338307,8.5601926e-2,-0.30406463,False
424,0.43098378,0.2911433,-0.3326695,False
423,0.22694695,-0.5546607,0.19160128,True
422,0.18122792,-0.78534424,0.4315356,True
421,-0.5306499,-0.979957,-0.5109025,True
420,0.44340956,0.22159672,-0.6937039,False
419,9.940028e-3,-0.18180335,0.8948765,True
418,-0.4017936,0.23992252,0.53955615,False
417,0.36443055,0.19014108,-0.76920855,False
416,-0.5950662,-0.9386442,-0.36570156,True
415,2.4889588e-2,-0.33768404,0.65037704,True
414,0.31914902,-0.32356477,-0.92108953,True
413,-0.5576538,0.34034836,-0.7587199,False
412,-0.55015516,0.91738045,-0.38230193,False
411,-0.74848783,0.7919923,0.7591065,False
410,0.32754648,-0.649709,0.7303344,True
409,-0.8156543,-0.8578533,-0.90091383,True
408,0.12427282,0.8823602,0.10582459,False
407,0.44208264,0.25331807,-0.57575786,False
406,-0.53305197,0.89436555,0.48210645,False
405,0.5964478,-0.83224607,-0.83672774,True
404,-0.60873353,0.4951284,0.84455323,False
403,0.70574105,-0.3975947,1.763606e-2,True
402,0.8715861,0.7111337,-0.36830163,False
401,-0.48545432,0.97496676,0.8522191,False
400,-0.5035156,0.20803463,0.5805069,False
399,0.5548396,0.26838148,0.9155444,False
398,0.71964467,-0.4346738,-0.3735547,True
397,-0.3729347,0.902457,4.4629812e-2,False
396,-0.28300464,-0.1729126,-0.44826102,True
395,0.39513838,-5.0398827e-2,0.26483953,True
394,0.19619322,-0.97103083,-0.51413167,True
393,0.11677182,0.2781142,-0.12434447,False
392,0.56601894,0.25926268,0.6993427,False
391,0.16678345,-0.21058834,0.82762396,True
390,-0.8229017,-0.65550303,-0.52191234,True
389,-0.69119155,-0.43545675,0.31542242,True
388,0.61004114,-0.85931945,0.50790143,True
387,0.32069778,-0.56568825,0.19633806,True
386,-0.7612256,0.21999872,0.21739483,False
385,-0.13789737,0.5832548,0.457842,False
384,-0.6582639,2.0117998e-2,0.7090572,True
383,-0.79873955,8.073354e-2,-0.34189296,False
382,0.32583475,-0.42223537,0.5007088,True
381,0.9775511,-0.97293305,0.8202008,True
380,-0.376773,0.38871157,5.9227467e-2,False
379,0.6441797,-0.22651374,0.18204749,True
378,-5.9448123e-2,0.91299975,-0.5447359,False
377,-0.38115907,0.7947804,0.8331822,False
376,-0.9305012,-0.475376,0.18298626,True
375,-0.7553388,-3.4537077e-2,-0.5509186,True
374,-0.47541285,7.0038676e-2,0.2936647,False
373,0.89811885,0.16113067,0.5045979,False
372,0.96531284,-0.7064427,0.14502418,True
371,-8.585513e-2,0.2918768,4.3447137e-2,False
370,0.40038514,0.59696794,0.2361077,False
369,-0.56061554,0.1787411,0.12818909,False
368,-0.2174145,0.5991379,-0.5674602,False
367,-0.39641523,-7.6394916e-2,-0.9092314,True
366,0.9609879,0.5633782,-0.8614763,False
365,-0.7821156,-0.8152368,0.4357313,True
364,-0.6508479,0.8932245,-0.98954296,False
363,0.10568941,-0.981603,0.7316818,True
362,0.18420279,0.5458014,-0.13893521,False
361,0.85020125,-7.953417e-2,-0.6562352,False
360,0.25922656,0.24136662,0.7695066,False
359,0.80396473,0.24288297,0.88567007,False
358,0.5668261,0.19144917,0.84916985,False
357,-0.16685212,2.5346875e-2,0.8271642,True
356,-0.9980813,0.8457068,-0.37922788,False
355,0.8679459,0.19453347,-0.7958318,False
354,0.56667554,0.3035028,0.650175,False
353,-0.60753953,0.58734405,-0.6181896,False
352,-8.87897e-2,0.29881847,-0.6921567,False
351,0.92131674,-0.23700976,0.9936315,True
350,-3.444791e-2,-8.456206e-2,0.84512985,True
349,0.8771914,-0.61997783,-8.790183e-2,True
348,-0.14590132,0.28230858,-0.71889377,False
347,0.8115039,0.97052205,-0.45836425,False
346,-0.15175498,0.8660146,-0.7658006,False
345,-0.6087537,0.92360127,-0.2181623,False
344,-0.61817765,0.31999433,-0.49277413,False
343,0.7682711,-0.43159914,-0.30128038,True
342,0.24090981,0.40657055,-0.11673021,False
341,-0.9118048,0.27702296,0.5137222,False
340,6.779349e-2,-0.91977644,0.91450524,True
339,0.55990136,0.31164563,-0.9049487,False
338,-0.6913934,-0.48075306,0.90140724,True
337,-2.593577e-2,-0.4615761,6.1620593e-2,True
336,-7.6351166e-2,-0.12756443,-0.8546423,True
335,0.32485282,0.7940414,-0.7228148,False
334,0.30870724,0.8629167,-0.6139829,False
333,-0.6524123,0.74024606,2.0657897e-2,False
332,-0.20150805,0.5011679,0.309031,False
331,-0.5225798,-5.5279016e-2,0.13643563,True
330,0.2699499,0.38031292,0.114613056,False
329,0.74141526,0.59319687,0.8281727,False
328,-0.36866486,2.7395487e-3,-0.24595761,True
327,-0.6130171,0.36960113,-0.73567784,False
326,-0.36654294,-0.6814594,-0.59098136,True
325,-0.11560941,0.5003754,-0.11567414,False
324,0.88213193,-0.8895043,-0.34172368,True
323,0.13592052,-0.9543295,0.48012316,True
322,-0.7534933,-0.927539,-6.624663e-2,True
321,0.47484386,0.14777482,0.12398338,False
320,-2.494216e-3,0.96202314,0.32827342,False
319,-0.8724537,0.41852558,-0.38342547,False
318,-0.21002614,0.7920679,0.3704568,False
317,-0.6256496,0.1175555,0.19757223,False
316,-0.47764206,-0.87496924,0.8958725,True
315,-0.24502838,0.58497274,0.5088992,False
314,0.2973851,0.14671779,-6.359756e-2,False
313,2.2143364e-2,0.7421851,-7.628667e-2,False
312,0.7595712,-0.10521448,-0.5858834,True
311,0.8697858,0.97860944,-0.9406482,False
310,0.514122,0.32527053,0.47004104,False
309,3.0616522e-2,0.6342695,0.5721823,False
308,-0.38795638,0.6703298,0.26958048,False
307,-0.91387165,0.72458684,0.64877367,False
306,-0.64799654,-0.310261,-0.6793964,True
305,0.5323831,-0.47146022,-0.8648417,True
304,0.50448906,0.43161917,0.29916883,False
303,0.9867047,-0.74799645,0.47612143,True
302,0.4228493,-0.49418378,-6.1674476e-2,True
301,-0.6230713,0.95212114,0.65316975,False
300,-0.8946097,0.3823284,-1.945126e-2,False
299,-0.6302556,0.5081042,-0.77773404,False
298,0.6428367,-0.1931212,-4.127717e-2,True
297,8.564651e-2,0.59320307,-0.35634506,False
296,0.88445354,0.53470945,0.70860374,False
295,-1.6317725e-2,-0.35123897,-0.38576913,True
294,-0.8509579,0.3396629,0.6681632,False
293,-0.9272611,-0.14722693,-0.5554495,True
292,-0.41194594,0.8671291,0.91007674,False
291,0.5625745,0.9935031,0.26547396,False
290,0.6538807,0.14834559,0.5514393,False
289,-0.31045675,0.5119338,0.23542428,False
288,0.7601733,-0.51965654,0.7960297,True
287,-0.5762352,8.747196e-2,-0.28350008,False
286,0.28115475,-0.74251854,-0.1823194,True
285,0.23126066,-0.8408836,0.5168911,True
284,0.60211325,-2.5820851e-2,0.7513783,False
283,-0.29933035,6.30672e-2,-0.6493137,False
282,-0.36950922,0.7546135,0.18437135,False
281,0.7863221,0.4729308,-0.522138,False
280,-0.19453955,-2.0873547e-4,-0.56164145,False
279,0.6658288,0.48933303,-1.72652e-2,False
278,0.10853803,-0.45105827,-0.61632407,True
277,0.89214206,-0.72123337,0.856619,True
276,-0.48141503,0.56425047,-0.8188207,False
275,8.998382e-2,0.727144,-0.29559028,False
274,-0.7579615,-0.61441565,9.47603e-2,True
273,-0.581465,-0.70402527,0.32472312,True
272,-0.65421665,3.7095785e-2,-0.91136813,False
271,0.2727617,-0.5555544,0.90044796,True
270,-0.6225841,-0.78404605,-0.22460294,True
269,-0.9358022,0.21321094,-0.31604016,False
268,-5.1256657e-2,0.589478,-0.13596797,False
267,3.7830234e-2,-0.5811968,-0.30647552,True
266,7.120335e-2,-0.9338747,-0.86889946,True
265,0.7508768,-0.26162434,-0.15349293,True
264,0.44511604,0.40282094,0.25641572,False
263,-0.27556086,7.160282e-2,-0.87217116,False
262,0.9241657,-0.59933364,0.85815823,True
261,-0.6639799,-0.8609711,-0.38533998,True
260,7.926357e-2,-0.12509084,0.1300242,True
259,-4.2908907e-2,0.94273984,-0.19657946,False
258,-0.27050698,0.7218313,-0.66652465,False
257,0.42004657,-0.8565841,0.18608427,True
256,0.22590995,-0.33806992,0.59635305,True
255,-0.21952808,0.97871625,-0.9762007,False
254,-0.82119334,-0.66992855,0.54419255,True
253,0.3075055,-0.235713,-0.82310975,True
252,0.6215991,0.7475598,0.16065645,False
251,0.60014975,0.8242351,0.85348046,False
250,0.25170374,0.64696074,-0.953609,False
249,-0.22383058,-0.9048412,-0.621822,True
248,0.93239784,0.6774199,0.40041804,False
247,7.16269e-2,-0.93685734,0.37874687,True
246,0.14321423,0.53827345,0.5656568,False
245,-0.50687075,0.6336546,-0.90093386,False
244,0.67347133,-0.42230797,0.47236335,True
243,-0.53108966,0.7865757,-0.2993363,False
242,-0.6501236,0.8433975,0.79843843,False
241,-0.9721298,0.5533285,-0.717234,False
240,0.1535573,-0.38507998,-0.21153164,True
239,-0.12924647,-0.32575715,-0.8246678,True
238,0.3111745,-0.8867892,0.59812057,True
237,0.6615106,0.619696,0.27709782,False
236,-3.7765622e-2,0.30105639,0.9362788,False
235,-0.93410504,-0.4528128,0.8880309,True
234,0.77772284,0.1598047,-0.38547862,False
233,0.25567126,-0.42075276,6.5921426e-2,True
232,0.28060246,-0.25857508,0.8331293,True
231,-0.9974537,-0.70389473,0.6990702,True
230,-0.28220093,-0.6840774,0.5000843,True
229,-0.45331943,0.7835543,-0.197914,False
228,8.908224e-2,-0.80661297,-0.5892327,True
227,0.21056974,0.3546431,-0.31195128,False
226,-0.36905718,0.56826746,-0.86503744,False
225,-8.086312e-2,-0.16304052,0.64013994,True
224,0.7919917,0.660295,-0.5023303,False
223,-0.73595643,0.59901106,-0.36681902,False
222,-0.40275824,-0.72746825,0.20453954,True
221,4.091549e-2,-0.5424944,0.6150485,True
220,-0.635494,-0.8219353,-0.118590236,True
219,-0.82586634,-0.44016933,-0.2625835,True
218,-0.74992,-0.89885724,-0.37876117,True
217,0.9631653,-8.07178e-3,0.78942776,False
216,0.38949728,-5.166626e-2,-0.37936807,True
215,-0.8397298,-0.7002456,0.1271137,True
214,0.98917556,0.8104564,-0.75953305,False
213,-0.1420666,-0.5273243,-0.2827804,True
212,0.12966716,0.28284013,0.8429215,False
211,0.6023599,-0.9142339,0.3188678,True
210,3.2160282e-3,0.58776,-0.5041697,False
209,-0.67525685,-0.6766223,-1.0714173e-2,True
208,0.9459461,0.683547,-0.95639074,False
207,-0.5198827,-0.9612731,-3.7566423e-2,True
206,-5.9011817e-2,4.769492e-2,0.74719906,False
205,-0.7946944,0.93534756,0.3931719,False
204,-0.12212348,-0.84153473,-0.22687948,True
203,0.94197226,2.4656534e-2,-0.29854822,False
202,0.109414935,8.540392e-2,-0.7437614,False
201,0.57364607,0.14290416,-0.13857794,False
200,-0.68095255,0.96887624,0.5687456,False
199,1.0884762e-2,0.32536697,-0.81032693,False
198,-4.676318e-2,0.79178953,0.74936247,False
197,0.79198575,0.3741045,-0.60643864,False
196,-0.25430298,0.9060112,-0.901536,False
195,0.35510194,-0.6545137,-0.72839427,True
194,0.21307099,-0.38526952,0.78193486,True
193,-0.6009319,0.6131995,0.15987945,False
192,0.3887745,0.27732778,4.5269847e-2,False
191,-0.82589054,-0.720345,0.10975492,True
190,0.4706254,0.11224115,4.883623e-2,False
189,-9.8339915e-2,0.73145723,0.12333381,False
188,0.65736485,-0.32244718,-0.4289714,True
187,-0.98997104,0.21781015,0.113875866,False
186,2.831173e-2,0.9473332,-0.98384976,False
185,-0.3282081,-0.29022372,0.5216688,True
184,0.7241813,-0.5507231,-0.37586498,True
183,0.70269907,-0.79147804,0.289868,True
182,-0.9806355,0.12435591,-0.538507,False
181,0.3433578,0.22821915,-0.80498326,False
180,0.35456216,0.74949634,3.7858725e-2,False
179,-0.51315427,-0.17885554,3.7524104e-2,True
178,-0.21635532,-0.8595036,-0.921847,True
177,-0.48441792,0.2299205,0.67109346,False
176,-0.57905316,0.32776058,-0.1366353,False
175,-0.91813576,-9.550905e-2,-0.4024017,True
174,-0.36961794,-0.6370344,0.49310505,True
173,-0.53306913,-0.9426122,0.54056954,True
172,0.48253548,0.16940975,-0.8154839,False
171,-0.5205176,-0.10189319,0.2608261,True
170,0.20054924,5.7478547e-2,-0.12099433,False
169,-0.9308405,-0.5259367,0.99813676,True
168,-7.342827e-2,-0.15089178,-0.8672235,True
167,0.8256675,-0.10803378,-0.99398005,True
166,0.5501305,-0.2956077,-0.6310793,True
165,0.32027984,-0.6727928,-0.4086647,True
164,-0.81260324,-3.4021378e-2,-0.2265817,True
163,0.10837412,0.41312146,-0.67108536,False
162,-0.6093656,-0.62255406,-0.3990178,True
161,-0.17075622,1.3344288e-3,-0.258618,True
160,-7.071638e-2,5.04601e-3,-0.2443707,False
159,-0.48649466,-0.49373126,0.10168731,True
158,-0.75970006,-0.30181122,-1.221931e-2,True
157,0.79379416,0.60740876,0.7217536,False
156,-0.31695497,-0.8338511,0.3057636,True
155,-0.43759406,0.45961618,-0.8251568,False
154,-0.8973863,-0.86526465,0.5581633,True
153,-0.15421581,-0.5757662,-0.7569425,True
152,-0.4963677,0.72669435,0.8776134,False
151,-0.12827241,-0.19718099,0.5694243,True
150,-0.80139756,0.5579034,-0.22711873,False
149,-0.8786377,0.89295256,0.71343815,False
148,-0.4799645,-0.29603398,0.16980839,True
147,0.9271908,0.55726635,0.6376461,False
146,0.4798702,4.950452e-2,-0.9114913,False
145,-6.974995e-2,0.812902,-0.34492385,False
144,9.095132e-2,-0.3197124,-0.6606755,True
143,0.9429847,0.42316842,-0.35299122,False
142,0.39561236,-0.28268826,-0.16892779,True
141,-0.49757957,-0.63436997,0.6833421,True
140,0.45060563,-0.6241851,0.8527806,True
139,-0.5891676,4.481578e-2,-0.4978057,False
138,0.5491741,-0.85465,-0.9570179,True
137,0.2633536,0.18424416,0.7202232,False
136,-0.51633954,-0.6768929,-0.6948881,True
135,-0.2613951,-0.8403374,0.27536082,True
134,-0.527148,0.73365116,0.6501136,False
133,-0.61533785,0.7953814,0.75269175,False
132,-0.69665027,0.31892776,0.50136745,False
131,-0.4190557,0.9863306,0.89709735,False
130,0.3841833,-0.857329,0.7862104,True
129,-0.7192097,-0.13398182,-0.7777307,True
128,3.9991736e-2,0.6290742,-0.21605146,False
127,-0.52106345,0.29199576,0.7605307,False
126,-0.5877205,0.68316996,-0.63461936,False
125,0.25301683,-0.74821484,-0.9806067,True
124,0.9079993,-0.34013176,-0.7708198,True
123,-0.7649909,0.24440777,0.5819715,False
122,0.23496449,0.860214,0.2720641,False
121,0.26165676,0.50776005,0.92218983,False
120,0.6059178,0.30194056,-0.45920622,False
119,-0.86787224,5.1491976e-2,0.674476,True
118,0.4221158,-0.8113452,0.45749593,True
117,0.2480408,-5.398619e-2,0.33876455,True
116,-0.13291955,-0.94303584,-0.6798519,True
115,0.7611474,-0.8576852,-0.28090703,True
114,0.2414968,-0.8435446,-0.35441554,True
113,-0.4482844,0.52877533,0.7929362,False
112,-0.60078704,0.43192816,0.24567461,False
111,0.89253616,-8.552766e-2,0.44781327,True
110,0.50172365,-0.23542428,0.1477009,True
109,0.8080312,-0.82119274,0.7266873,True
108,-0.97010815,-0.87843335,0.5111909,True
107,-2.40525e-2,-0.33101034,0.20279777,True
106,0.7191129,0.60345984,0.686232,False
105,-0.54834104,-0.60096157,-0.1487484,True
104,0.6634722,-0.3356589,-0.9876746,True
103,0.21600366,0.65953064,-0.7510718,False
102,-0.5082123,0.28628016,-0.79290295,False
101,0.9258158,-0.6945528,0.2438662,True
100,-0.21975338,-9.503782e-2,-0.94409156,True
99,0.17643058,0.32539546,0.24577367,False
98,-0.86320734,0.8688313,-0.6304654,False
97,-0.42628467,-0.46477532,0.28627515,True
96,-0.2837758,-0.34141755,-0.5360637,True
95,-0.34381235,0.5302131,0.7933427,False
94,1.6498208e-2,0.3599757,0.29346025,False
93,-0.16154742,-0.9836118,-8.559406e-2,True
92,0.19614649,0.9855335,0.6227801,False
91,0.17265522,0.5255587,-0.18410933,False
90,0.64560187,-4.0634394e-2,0.663865,True
89,0.5936315,0.1127727,-0.43418097,False
88,-0.94004405,0.25970232,0.36876535,False
87,-0.54124725,-0.18577516,0.8806304,True
86,0.9525821,-0.2539879,0.30285513,True
85,-0.6410326,-0.3619542,0.590271,True
84,-0.52241826,-0.17478132,0.58016396,True
83,-0.46977544,0.98515606,0.67806065,False
82,0.6173873,-0.9604918,-0.6282338,True
81,-0.535763,-0.32374954,0.25969183,True
80,-0.44002068,0.6104773,0.23864579,False
79,0.5894934,-0.28746843,-0.21155119,True
78,-0.7765194,-0.3075893,0.6878383,True
77,0.22065318,0.2588303,0.43073463,False
76,0.97983325,-0.4982015,0.6026908,True
75,0.6162267,-0.65656734,-0.24429214,True
74,0.8509332,-9.2242956e-2,0.33861363,True
73,-0.49051702,0.7303108,0.2757957,False
72,-0.84123075,0.790208,0.48475552,False
71,0.31952477,0.7310201,-0.28390515,False
70,-0.9374734,0.8012811,-0.38191342,False
69,-7.819033e-2,0.21407127,-0.9151367,False
68,-1.7683506e-3,-0.4261601,5.417502e-2,True
67,0.39236915,0.36459458,-0.6467098,False
66,0.74210584,-0.11560476,0.6291144,True
65,-0.5645579,-0.8133929,0.22431314,True
64,-0.6893045,-0.49819803,-0.5797882,True
63,-0.3038044,0.94549966,-0.57003725,False
62,9.222758e-2,0.5450226,-0.9628036,False
61,-0.6866182,-0.120223165,0.55764806,True
60,0.67630184,0.8946941,-0.58731997,False
59,-0.22583306,-0.93566537,0.99184823,True
58,0.8522631,8.682501e-2,-0.21542346,False
57,-0.117337584,-0.47202885,-0.6862072,True
56,-0.3217392,-0.12536395,0.6722852,True
55,5.232525e-2,0.22169626,-0.41553557,False
54,7.7064395e-2,-0.19975066,-0.85579574,True
53,-0.4163159,0.27696514,0.30364752,False
52,0.12596917,1.7503142e-2,0.42307937,False
51,0.90521276,0.98873365,-0.29241908,False
50,-0.5694134,-0.47909248,4.0103316e-2,True
49,-0.90551984,-0.48341298,-1.4077902e-2,True
48,-0.35733438,-0.67727935,-0.87173617,True
47,-4.4823766e-2,-0.85891175,0.21050358,True
46,-0.91918135,0.45981896,-0.5646229,False
45,-0.819239,-0.7988746,-0.6285331,True
44,-0.65046,0.47290754,0.6852275,False
43,-0.8371732,-0.17481089,-0.7122158,True
42,-0.86398077,0.63566744,4.9849987e-2,False
41,0.103055835,-0.55675304,0.47322083,True
40,-0.43159795,0.65311587,6.509042e-2,False
39,-0.10206318,-0.6007372,-0.6672783,True
38,-0.8665092,0.54866076,-0.8644637,False
37,0.6339978,0.81163013,0.15110397,False
36,-0.99084175,-4.0666938e-2,-0.61724186,True
35,-0.47938406,-0.2858839,-0.4847269,True
34,-0.6992911,-0.11112189,0.3431269,True
33,0.41157746,-0.73254395,9.5000386e-2,True
32,0.14187515,-0.83561265,0.54910445,True
31,-0.49457562,0.35234225,-0.28760505,False
30,0.8248639,-0.891768,-0.14927983,True
29,0.7354306,0.58701277,-0.6599994,False
28,0.76853645,0.768059,-6.9377184e-2,False
27,-0.97166,0.8676665,-0.41599107,False
26,0.71958196,-0.3652488,7.1572304e-2,True
25,0.27102506,-0.353117,0.66475165,True
24,-0.33691835,-0.8884932,-2.739513e-2,True
23,-0.7328062,-0.8715719,0.79380214,True
22,0.6630516,-0.18168056,0.14193988,True
21,0.4497316,0.9278892,-0.76988316,False
20,-0.3470323,0.9941281,-0.38934875,False
19,0.5949788,9.164715e-2,-0.51899576,False
18,0.8447956,0.4488517,0.3226292,False
17,-8.223772e-2,-0.2798493,0.31065702,True
16,-0.6050837,0.84780777,-0.8917279,False
15,-0.5764539,4.1071177e-3,0.2344867,True
14,-0.64523447,0.12604284,0.5294049,False
13,-0.80555654,-0.25158846,0.50348556,True
12,0.4285078,-0.62281513,-0.22692978,True
11,-0.83068895,3.0004859e-2,-0.67267597,True
10,-0.8531606,0.97664785,-3.050363e-2,False
9,-3.4956455e-2,0.39029062,-0.8954451,False
8,-0.562639,0.89162815,-0.108570695,False
7,0.89810324,-2.0694733e-2,0.54572475,False
6,-0.54777217,-0.5371423,-0.43455756,True
5,-0.6787075,-0.2957232,-0.80762887,True
4,-0.7761303,0.30580163,0.14725661,False
3,0.61696875,-5.4951668e-2,-0.21389735,False
2,-0.2196436,-3.758979e-2,0.40849698,True
1,0.6209066,0.3855405,0.5542245,False
0,0.5893562,-0.49367404,0.94908977,True
