999,0.32406867,-0.86242723,-0.64167,True
998,0.18071699,-0.21546555,0.78844166,True
997,0.13820553,-0.9238188,-0.8647543,True
996,0.44185674,-0.2467637,-0.33656716,True
995,-0.22478545,0.27301168,-0.20592809,False
994,0.63293314,0.9602028,-3.0976534e-2,False
993,0.48540688,-0.36953855,0.7931404,True
992,0.6568135,0.98970616,-0.7381972,False
991,9.948313e-2,0.6847557,-0.4059472,False
990,-0.8606255,0.70380235,0.93183196,False
989,-0.70042443,0.44964516,0.8970686,True
988,0.7672951,1.933217e-2,0.7666036,True
987,-0.4836626,0.70522213,0.36971402,False
986,-0.26171052,-0.92512536,-0.36453032,True
985,-0.4808613,0.34201276,-0.346658,False
984,-0.2761762,-3.9827585e-2,0.8762077,True
983,-0.1891228,-0.83957696,0.60426617,True
982,-5.0777197e-2,0.9350163,-0.1569314,False
981,0.6277404,-0.34253287,-0.3736949,True
980,-0.6876235,0.7503599,-0.80597246,False
979,0.6699953,0.4924804,0.906793,True
978,0.29253888,0.782689,5.9744596e-2,False
977,0.5587776,-0.23848915,0.8535671,True
976,-0.6927787,0.8252741,0.3731953,False
975,0.78058255,-0.8004894,0.8848816,True
974,-0.5701164,0.9876944,-0.3308648,False
973,0.1035012,0.6738857,0.9599879,True
972,0.644184,0.60877717,0.2885642,False
971,0.6714567,0.15463662,0.1662997,True
970,-0.287907,-0.2560538,0.3251257,True
969,0.15030122,0.30070543,0.2065655,False
968,0.2054044,-0.8182857,-0.7684097,True
967,0.31698108,0.12053871,-0.9789176,False
966,0.99972844,-0.6076617,-0.74288774,True
965,0.10587704,-0.49685085,-0.32078004,True
964,-0.20053732,0.25275016,5.2494645e-2,False
963,0.76260066,-0.1183337,0.63608503,True
962,-0.56877697,0.33963704,8.812916e-2,False
961,0.5476377,-0.7795017,-0.91726923,True
960,0.30224752,0.7963513,-0.68013704,False
959,0.57302094,0.9142209,0.54329085,False
958,0.89784837,-0.31035364,-0.95785475,False
957,0.99596894,-0.6375079,0.87977946,True
956,0.83170056,0.74144745,0.8849275,True
955,-0.7412753,-0.5737901,-0.4129535,False
954,-0.5860816,0.500996,-0.55618787,False
953,-0.16983533,-0.5120065,-0.79135406,False
952,-0.16640377,0.48928428,-0.15656257,False
951,0.41235006,0.64450014,-8.286643e-2,False
950,-5.430901e-2,0.10845184,0.99215066,True
949,-0.42007005,-0.23613691,1.4303446e-2,True
948,-0.738395,-0.9319807,0.29735565,True
947,-0.945701,-0.333223,0.7640995,True
946,-0.28482926,0.11096156,-0.48187017,False
945,0.23923206,0.30052733,0.86576355,True
944,-0.9340608,-0.7312492,0.50194573,True
943,0.7686137,-0.95676255,0.5087507,True
942,0.38075614,-0.67480326,-0.24138701,True
941,-0.5275028,0.48807263,-0.78694737,False
940,-0.12668395,0.38539958,0.81165195,True
939,-0.999841,-0.5521083,0.8023497,True
938,0.89076936,-7.048333e-2,0.48541522,True
937,0.8949499,6.982839e-2,0.9391614,True
936,-6.8861485e-2,0.38338876,-3.411007e-2,False
935,-0.12186575,0.8717644,0.15930629,False
934,-0.7426094,-0.609817,-0.891328,False
933,0.32851934,0.98558867,-0.30976272,False
932,1.9991636e-2,-0.5801799,0.5531733,True
931,-0.7210957,-0.5270585,-0.533558,False
930,-0.45876086,0.309901,0.10567522,False
929,0.38222003,0.88279116,-0.9436116,False
928,-0.6238471,9.8059654e-2,0.35972095,True
927,0.9848001,0.5032942,-1.6187668e-2,False
926,-0.7606728,-0.6036073,-0.45982707,False
925,-0.38672972,0.936996,-0.29850185,False
924,0.871573,0.35858715,0.4023924,True
923,0.8321613,-0.89822054,0.36766636,True
922,0.57314265,-0.958177,-0.45384204,True
921,0.31579745,-0.4413526,-0.2477988,True
920,0.20318699,8.252168e-2,-0.6865034,False
919,-4.853022e-2,-0.26043653,-0.3730296,False
918,-0.21931255,-0.79049766,-0.974517,False
917,-0.99068165,-0.22966075,0.21337032,True
916,0.3992417,0.8219745,-0.1745193,False
915,0.91044235,-0.24318504,-0.5339719,True
914,0.36268413,-0.5921563,0.6900611,True
913,0.10120165,0.4950434,-0.94542885,False
912,-0.631497,-0.8179108,0.9502753,True
911,-0.3747462,0.4239347,-0.40248287,False
910,0.63630664,-0.9003514,0.81717503,True
909,-0.568956,-0.74941933,0.39505982,True
908,0.2966292,-2.4552703e-2,-0.7939321,False
907,-0.5099869,-0.6036501,-0.32700133,True
906,-0.71355224,0.49910152,0.5529299,False
905,0.9499285,-0.9843886,-0.28143835,True
904,-0.91476595,-0.36159503,0.5752983,True
903,-0.7585496,-0.44964468,0.70024395,True
902,0.4929304,0.94719875,0.9387071,True
901,-0.1827234,0.9023572,-0.14387357,False
900,-0.33497465,0.1609317,-0.19721234,False
899,-0.4131707,-0.35249913,0.793705,True
898,0.7665309,0.44048083,0.74470544,True
897,0.28435075,0.1521939,-0.6462951,False
896,-0.33687818,-0.15385354,9.535253e-2,True
895,-0.2536713,0.16625154,0.5719558,True
894,-0.8391167,-0.4833591,0.5171857,True
893,-0.13615787,-0.48459697,0.31578708,True
892,-0.839259,-0.99349403,0.72752714,True
891,0.19603336,0.89685905,0.6347264,False
890,-0.21825445,-0.78219366,-0.67529035,False
889,0.6207683,-0.17426503,-0.31228876,True
888,-0.1978823,-0.36197734,-0.73947406,False
887,0.25710225,-0.26847184,0.51810014,True
886,0.47706556,-0.294111,0.91766906,True
885,0.57318974,-0.7293942,0.33336878,True
884,-0.2514888,-0.5235392,-0.4166137,False
883,9.14371e-3,-0.82892466,0.123120904,True
882,0.2636454,0.46084225,-0.33052254,False
881,0.9669943,0.9539548,0.47045588,False
880,0.6542399,0.15288019,-0.9138541,False
879,-0.6370286,-0.23995054,-0.88114214,False
878,-0.2946608,-2.7785182e-2,0.20321631,True
877,0.57864773,-0.46823394,-0.98821974,False
876,0.6477541,0.60657465,0.81795883,True
875,-0.46219707,0.62348926,-6.180668e-2,False
874,-0.9487523,-0.50199187,-0.63047004,False
873,-0.4949329,0.17315876,2.2791624e-2,False
872,0.46591985,-0.99587977,-0.6492462,True
871,0.62740827,-0.74341476,0.6996505,True
870,0.13498104,0.1518426,4.1336298e-2,False
869,0.3312099,0.11706984,0.34654307,True
868,-0.45444894,0.37347376,0.5059154,False
867,-0.15256667,0.84088886,0.48261368,False
866,-0.7042855,0.99495053,-0.86806166,False
865,0.26419604,0.22769558,0.8450215,True
864,0.40465283,0.613479,0.92161906,True
863,-0.92772675,0.6896738,0.2956314,False
862,-0.55197203,-2.8189898e-2,9.264934e-2,False
861,-0.5578109,-0.18336773,0.31990814,True
860,0.19248676,7.036865e-2,-0.16317427,False
859,-0.7118896,0.78873074,-0.2871951,False
858,-0.20419955,-0.6212741,0.836764,True
857,-0.700529,-0.20103407,-0.35356188,False
856,0.33238292,-0.29399478,-0.9936124,False
855,-0.30667198,-0.21147037,-0.21505249,False
854,-0.87827337,0.41330135,0.41514993,False
853,0.37961614,0.4835081,-0.8457056,False
852,-0.91026783,0.5975046,0.3495779,False
851,0.44958425,0.22868681,0.8226185,True
850,-0.91263175,-0.51784,0.6689098,True
849,0.9615412,-0.9045552,-0.17400253,True
848,7.86227e-2,-0.7159126,-0.79383767,False
847,0.16879082,-0.9974538,-0.3083893,True
846,-0.7415664,0.13898158,0.44385087,True
845,0.2838936,-0.8706846,-0.70794916,True
844,-0.72838235,-0.4718294,0.9424927,True
843,0.6042111,0.7074443,-1.112175e-2,False
842,-0.72926295,0.7395171,4.611957e-2,False
841,0.5093596,-0.1355722,0.47637117,True
840,-0.10809803,-0.7491754,-0.8163774,False
839,-0.4447806,-0.6355542,0.95414746,True
838,-0.70235634,-0.87258255,0.20523906,True
837,-7.259846e-4,0.5739199,0.34120345,False
836,3.679955e-2,0.9052669,0.7412425,False
835,0.33935177,0.23857987,-0.6678003,False
834,-4.8667192e-2,8.55422e-2,-0.11358261,False
833,-0.91320324,-0.31655455,0.48500633,True
832,7.143211e-2,0.5999117,-0.3252586,False
831,0.2995019,0.6074716,0.67123175,True
830,-4.0578365e-2,0.76905036,9.921682e-2,False
829,-0.91653347,0.40076554,-0.7971997,False
828,-0.10305667,-0.773492,0.58457553,True
827,-2.6283741e-2,0.5350603,2.5441408e-2,False
826,-0.99796903,-0.26536644,-0.5152099,False
825,-0.104393005,-0.280414,-0.11862087,True
824,-0.535319,0.20292473,0.59160423,True
823,-0.815645,-0.3402059,0.554075,True
822,0.9372132,-0.45188594,0.5550933,True
821,-0.6301476,-0.11578965,-0.68547904,False
820,0.13254404,-1.2889504e-2,-0.14476538,False
819,0.9909891,0.15474975,-0.18895566,True
818,-0.7119845,0.63617647,0.17700136,False
817,0.45320678,-0.4025576,-1.6516685e-2,True
816,-0.96688664,0.63818014,6.882334e-2,False
815,-0.3782977,-0.38597834,0.35670984,True
814,-0.43224037,0.45620167,-0.29106176,False
813,0.91223836,0.5208448,0.5148815,True
812,-0.707827,-0.22253346,-0.47274852,False
811,0.4441911,0.74128175,0.5384445,True
810,0.41488636,0.2757578,-0.29430246,False
809,-0.1393336,-0.9353632,-0.20764148,True
808,-0.21350646,0.173141,0.6465478,True
807,-0.47283232,-0.6339669,-0.10278332,True
806,-0.69998825,0.6810347,-0.92755413,False
805,0.66870105,-0.4574349,-0.90329707,False
804,0.15353668,0.9360466,-0.18725777,False
803,0.7557472,0.9213778,0.46800864,False
802,0.69060147,0.88563335,0.40347493,False
801,0.5813583,-0.2559104,-0.5447309,False
800,-0.9435731,0.64781845,0.9044266,False
799,-0.35114992,0.9888909,0.9983394,False
798,-0.8416773,1.872003e-2,0.7352989,True
797,0.9334625,-0.2224325,-0.40179503,True
796,-0.6142925,0.39844656,-8.924985e-2,False
795,0.69703734,0.41232777,-0.5690758,False
794,-0.17661214,-0.983917,4.0142536e-3,True
793,0.7650938,-0.7300056,0.33045876,True
792,-0.27379394,0.16993427,0.89861405,True
791,0.71609557,-0.33916116,0.23971164,True
790,0.4096545,0.9106405,0.6180935,False
789,7.663798e-2,-0.7442514,0.6595721,True
788,0.46631157,-0.6868365,-0.467005,True
787,-0.26217616,-0.47921705,-0.43469226,False
786,-0.29756415,-0.31954718,-0.34854102,False
785,-0.57847285,-0.521487,0.791224,True
784,-0.99520123,-0.38394165,0.13630688,True
783,0.65888834,0.44626236,0.4561962,True
782,0.41876328,0.20863092,-0.4171834,False
781,-0.37566555,-4.0665388e-2,0.7875377,True
780,0.46034837,-0.24812007,-0.7352346,False
779,0.6021056,-0.5850972,-0.2672137,True
778,0.53883445,0.4338007,0.919345,True
777,0.69149876,-0.2397995,-1.1966586e-2,True
776,0.58781576,0.37883985,-0.19615042,False
775,-3.991759e-2,-0.4736526,-2.3209214e-2,True
774,0.81447124,0.9679625,0.39665496,False
773,0.24748707,0.32762146,-0.5867659,False
772,0.17430437,0.8375155,0.34830213,False
771,-0.2029202,-0.74838996,0.51538646,True
770,0.2988156,-0.65566397,-0.5684519,True
769,0.37228787,-0.41501808,-0.70389366,False
768,3.80733e-2,-0.8528235,-0.314098,True
767,0.6339718,0.341146,0.6282306,True
766,-0.2875911,-0.6910255,0.96685886,True
765,0.83797264,-0.3100177,0.3180486,True
764,-5.9048176e-2,-0.719746,0.6999527,True
763,-0.73721933,-0.7545868,-0.71334743,False
762,0.95670545,0.8425565,-0.235641,False
761,-0.33234465,-0.13063574,0.40514123,True
760,0.102847934,-1.8779993e-2,-0.512885,False
759,-0.59195864,0.85207915,-7.921505e-2,False
758,-0.44522452,0.76374257,0.41241038,False
757,-0.3434577,0.45993233,0.6995853,True
756,-0.87778664,-5.813718e-2,-0.6712283,False
755,0.40469754,-0.92432785,-0.7019069,True
754,-0.24045491,0.57618475,-0.6913892,False
753,-0.8568245,-0.15637529,0.7032819,True
752,0.83877707,-0.4397081,0.12446594,True
751,0.3293718,0.17321408,0.536185,True
750,0.6426033,-0.54243517,-4.485607e-2,True
749,-0.9609072,-0.6249138,-0.47216856,False
748,-0.101989746,-0.27086723,-0.63955545,False
747,-0.13476777,0.28401208,-0.720204,False
746,4.332888e-2,-0.86587274,0.50702107,True
745,-0.51173425,0.82568216,0.4757464,False
744,-0.17779768,-7.654011e-2,0.16899979,True
743,0.6375047,8.221388e-2,-0.16612971,True
742,1.8874288e-2,-0.5138799,-7.5660944e-3,True
741,0.6229515,0.26427233,0.87670517,True
740,-0.75196993,-0.33484757,-3.3685923e-2,False
739,1.6551137e-2,0.6963798,-0.83708215,False
738,-0.8399186,-0.34363186,-0.3612882,False
737,0.5961995,0.6656774,0.7429007,True
736,-0.60312784,-0.5598508,-0.20287883,True
735,0.80125666,0.62998855,-0.48693728,False
734,-0.48763263,-0.8859997,0.6461586,True
733,0.86743224,-0.49055684,0.6232904,True
732,0.32608235,0.6103972,0.29639792,False
731,0.80065954,-0.9653826,0.30171812,True
730,-0.5664493,0.7255281,0.52231514,False
729,-0.62642527,-0.12953544,-0.5929047,False
728,0.8854629,-0.74620104,-0.9595114,True
727,0.82750607,-0.16375268,-0.33304977,True
726,-0.3438921,-0.6887593,-0.87572086,False
725,-0.4733436,-0.61710584,0.5289819,True
724,0.9735472,0.9163593,0.21535778,False
723,2.9746056e-2,0.8972266,0.6378437,False
722,-0.7043899,-2.6334882e-2,-0.16078496,False
721,-0.63274956,-0.51986766,-0.43617487,False
720,-0.50367975,-0.74210954,0.97601783,True
719,0.66877854,0.792812,0.5695301,True
718,0.31857228,0.7818569,-0.7424835,False
717,0.78418195,-0.47512603,-0.33050716,True
716,0.3425386,0.3999368,-0.22304058,False
715,-0.30814147,0.36324298,9.2443824e-2,False
714,-2.7799726e-2,0.9602667,0.37235677,False
713,0.66218007,-0.6380794,0.57401335,True
712,-0.93191063,0.7658534,0.43484962,False
711,3.8300395e-2,0.8858141,-0.47688067,False
710,0.9622216,-0.68519187,0.43457735,True
709,-0.69421875,0.8925886,-0.118466735,False
708,-0.9592012,0.6156757,-0.32985628,False
707,0.3382138,0.6796299,-0.98309875,False
706,0.39396536,0.21688294,-7.610333e-2,False
705,-0.947255,0.48206258,2.6031017e-2,False
704,-0.30393386,-0.43532598,-0.41271853,False
703,0.9414265,-0.46770012,-0.55084157,True
702,0.3392923,-0.28509378,3.826797e-2,True
701,0.49895692,0.6650572,-0.3503827,False
700,0.76527655,0.47396183,0.5342847,True
699,-0.6380708,-3.6953688e-2,-0.16283607,False
698,0.707387,-0.22876358,4.041195e-5,True
697,-0.45375764,-0.742566,0.29352367,True
696,-0.5796422,0.42279315,-0.6812873,False
695,0.70023954,0.64785516,0.18572903,False
694,0.1857984,-0.5126393,-0.9066495,False
693,-0.35894263,-0.33649683,0.84749675,True
692,-0.34574068,0.19351435,3.406036e-2,False
691,0.43844688,-5.2061558e-2,-0.7757751,False
690,0.6029972,-0.7049444,-0.83002996,True
689,0.8478286,-0.5862589,-0.79597425,True
688,0.5817077,0.33140016,-0.6033906,False
687,0.75548756,0.8491715,0.85901654,True
686,-0.11460054,-0.5467216,-0.94234955,False
685,0.61050737,-0.94934523,0.62965024,True
684,-0.78835046,0.18583429,-0.6566434,False
683,-0.75692415,-0.94223595,0.62936616,True
682,0.51111007,0.6828637,-0.6604427,False
681,0.68998444,0.473984,0.41505027,True
680,3.145957e-2,0.5863614,-0.8571218,False
679,-0.6110275,-0.8683673,0.7138058,True
678,0.94360864,-0.82883346,0.7337861,True
677,0.12665498,-0.6193119,-0.3312074,True
676,-0.31645155,-0.7409549,-0.6026871,False
675,0.27714407,0.22484064,-0.692073,False
674,-0.6567198,0.37618446,-0.9306433,False
673,-0.8246784,-0.27540743,0.38307142,True
672,-0.29610717,-0.42645574,0.26059127,True
671,-5.4403424e-2,-5.2564263e-2,5.19253e-2,True
670,-0.82218647,0.3275286,0.6337806,False
669,-0.20014668,1.6995072e-2,-0.5336406,False
668,0.9031631,-0.9720961,-0.27630794,True
667,0.33061457,-0.70402193,-0.66917014,True
666,0.1341387,-0.7821219,-0.22241044,True
665,0.4842186,-0.42629623,-0.27832913,True
664,-0.72077405,0.5637536,-1.8515706e-2,False
663,0.8642906,0.49119627,-0.5905839,False
662,-0.5732907,1.1330366e-2,0.8546257,True
661,0.7712852,-0.7468499,0.89819014,True
660,0.7475493,0.47277045,-0.90361285,False
659,-0.18130708,9.201729e-2,-0.4802333,False
658,-0.12005067,8.9790344e-2,0.19670844,True
657,-5.6205034e-2,-0.7753186,0.56174624,True
656,0.6127708,-0.32699335,-0.55317044,True
655,0.7601063,0.22144103,-0.50773275,False
654,-0.40934718,0.34458935,-0.79912937,False
653,0.7342663,-0.64202046,0.55971956,True
652,-7.492578e-2,0.856809,-0.57351947,False
651,0.6370182,-0.86217225,-0.5543852,True
650,-0.4109962,-0.8260584,9.494054e-2,True
649,-0.24741387,-0.91958404,0.47008932,True
648,-0.5237633,-0.8182473,-0.750329,False
647,0.5820749,-0.9520447,-0.17953336,True
646,0.8094057,0.7840011,0.2778896,False
645,-0.42466605,6.379604e-2,-0.8450705,False
644,0.18830323,-2.7138233e-2,-0.99261177,False
643,0.7329358,0.95459044,-0.5838069,False
642,-0.9524677,-0.69380045,-0.39238083,False
641,-0.3060882,-0.36315203,-0.5305737,False
640,0.86670005,0.21484458,-0.34397972,False
639,-0.6797435,-0.657138,0.9900029,True
638,-0.9918163,-0.67569697,-0.8633599,False
637,-0.55557346,2.7275085e-3,0.534546,True
636,-0.7142048,-0.7088373,-0.634964,False
635,-0.93010175,0.61119723,0.61171186,False
634,-0.6616441,-0.69250286,0.71231806,True
633,-6.3774586e-2,-0.8633126,0.17396629,True
632,-8.879697e-2,-6.3066006e-2,0.39677858,True
631,5.8122873e-2,0.80114686,0.8326813,True
630,-0.66618586,-0.91079485,-0.587659,False
629,0.7357104,0.87621284,-0.7831495,False
628,-4.8345327e-2,-0.62330234,-4.930973e-3,True
627,-0.6979747,-0.32619083,0.5819559,True
626,0.28142118,-0.37798452,0.994238,True
625,-0.7705631,0.8092743,0.92201996,False
624,0.93617177,-0.5438607,0.12711143,True
623,0.15459192,0.31981945,0.85797954,True
622,0.22102189,0.27941573,-0.20877028,False
621,0.3635025,-0.6126863,-8.694923e-2,True
620,-0.7739248,-3.6040068e-2,0.9641385,True
619,-0.7237401,0.64619637,-0.9970608,False
618,0.13286519,-0.1504519,-0.10926497,True
617,-8.202326e-2,-0.5993674,0.72974,True
616,7.8558326e-2,0.7992166,-0.9724946,False
615,-0.5801163,-2.6861787e-2,-0.8906845,False
614,-0.14689624,0.99446535,0.5609896,False
613,0.789142,0.37600684,-0.8195214,False
612,0.7127564,0.78269374,-6.989741e-2,False
611,0.8057009,0.68241775,0.8123826,True
610,0.48783267,0.10647106,0.90987706,True
609,5.013919e-2,0.68205273,-0.16540968,False
608,-6.1473012e-2,-0.725548,-0.43980062,True
607,0.51288044,0.5864228,-0.59574497,False
606,0.47667992,-3.1801462e-3,-0.41639674,False
605,0.2922337,-0.40038514,0.93510497,True
604,0.50335085,-0.43988264,-3.9624453e-2,True
603,-0.1577797,-0.30890608,-0.46210074,False
602,0.74013484,0.18850434,-0.22342801,False
601,0.23138344,0.29582143,0.69096553,True
600,-0.60144806,-0.5134896,-0.49144304,False
599,0.19970894,0.99818313,-0.42438066,False
598,0.93024755,-0.5363327,-0.36245418,True
597,0.48302495,-0.8311691,-0.368901,True
596,-0.46734536,0.24730098,0.543916,True
595,-0.7984779,0.54432464,0.43747377,False
594,0.6717049,-0.6334748,0.5905589,True
593,-0.66861284,0.5322993,-0.33415222,False
592,0.97196305,0.23018754,-0.96778417,False
591,0.79956245,-7.35383e-2,0.82180774,True
590,-5.3935528e-2,-0.745247,-0.3756678,True
589,0.57258046,0.9308442,-6.3308835e-2,False
588,-0.3073442,0.43945658,-0.7302711,False
587,-0.23403084,-0.96583366,-0.44473207,True
586,-0.19020307,0.3872825,-0.7285327,False
585,-0.6427721,-0.22093236,0.65927625,True
584,-0.43450272,-0.15817332,-1.721716e-2,False
583,-0.81341016,0.96225464,-0.3171836,False
582,0.5198475,0.9199641,0.594154,False
581,-0.2454226,-8.954978e-2,0.40305674,True
580,-0.38943696,-0.83615875,-0.5684855,True
579,-0.9285791,-0.38386607,0.5239792,True
578,0.6613873,-0.9502933,-3.969276e-2,True
577,0.2075237,0.6419357,0.13669288,False
576,-0.3381976,0.26255584,0.39017522,True
575,0.828374,8.963108e-3,-0.66853666,False
574,-0.17739439,-0.22787678,0.59119713,True
573,0.42704153,0.6890925,-0.18536115,False
572,-0.9347527,0.25551653,-0.30889106,False
571,-0.71684444,0.92904425,0.42060018,False
570,-0.5021665,-0.16967726,0.8761778,True
569,-0.29281986,-0.19693303,-0.105626106,False
568,0.124745965,0.94392586,-6.1801076e-2,False
567,3.8594842e-2,0.75423324,0.6647028,False
566,-0.32027245,-1.9659758e-2,-0.6644932,False
565,0.34359848,-0.32649362,-0.4411428,True
564,0.15021932,0.7196362,0.57301366,False
563,-0.9243758,0.36467087,-7.065463e-2,False
562,0.14150321,-0.44815254,0.78918946,True
561,-0.6588807,0.15136433,0.6019676,True
560,-2.1301866e-2,-0.84526074,0.2516532,True
559,0.10644901,0.47702503,-0.97413254,False
558,-0.5925704,9.667432e-2,-0.6179025,False
557,0.2763449,-0.8551382,0.3058144,True
556,0.29594934,-0.12412274,0.16933739,True
555,0.70404327,-0.60110056,0.3725642,True
554,4.057741e-2,-0.52923346,0.348688,True
553,-0.6746471,-0.95860195,0.8808868,True
552,-0.7937131,-0.7951255,-0.37097502,True
551,-0.4226899,0.7101418,-0.25881803,False
550,0.4003836,-4.053831e-2,-0.8463019,False
549,-0.6558893,-0.2526586,0.9001596,True
548,9.749961e-2,0.1112231,-0.17104506,False
547,0.72406125,0.5841484,0.637563,True
546,0.58223164,0.9156904,0.3344394,False
545,0.20196831,-0.37216222,-0.8803524,False
544,0.63574564,0.18753457,0.79675496,True
543,-0.5974901,-0.18220747,0.24197614,True
542,-0.5152588,0.6675426,-0.6204264,False
541,-0.71461856,0.701633,-0.5791913,False
540,-0.7924824,-0.26020706,-0.42916667,False
539,0.8681159,-0.7680901,-9.597647e-2,True
538,0.17462623,-0.52723217,0.8718189,True
537,0.95575476,0.7320298,-8.623397e-2,False
536,-6.985915e-2,0.48691726,-0.49857485,False
535,0.49863303,-0.58058846,0.3017087,True
534,-2.0557046e-2,0.65423644,-0.79451525,False
533,-0.21594322,0.87331784,0.1286931,False
532,0.35275972,-0.423684,-0.56436944,False
531,0.6465148,-0.2589469,0.78441405,True
530,-4.0394902e-2,5.0619006e-2,-0.8545898,False
529,-0.82499087,0.23794138,-0.63831115,False
528,-9.1169834e-2,-0.48069572,-0.5085498,False
527,0.87295187,0.5973958,-0.94534945,False
526,-8.134425e-2,-0.7632135,6.1915398e-2,True
525,-0.608125,0.8581469,0.21257913,False
524,0.49286067,0.57455766,0.7307198,True
523,-0.6385361,-0.20458472,6.1774015e-2,False
522,-0.6049398,8.469272e-2,0.8098439,True
521,0.3662144,0.9338509,0.513875,False
520,0.4160676,-0.60040975,0.9170432,True
519,-0.78914905,0.91421866,0.8961072,False
518,2.0852447e-2,-0.22961855,0.81785285,True
517,-0.4907304,0.3191911,-0.60964024,False
516,0.67840266,0.97674894,9.22271e-2,False
515,-0.73771703,0.43880308,9.211421e-2,False
514,-0.9275584,-0.2210586,0.7914665,True
513,0.26293242,-0.23912466,0.25242436,True
512,-0.22104478,-0.876775,-0.3157245,True
511,0.5900457,0.45764017,-0.34560883,False
510,0.8924333,-0.690982,-0.23643076,True
509,0.6389526,0.7401651,0.2370801,False
508,0.60991466,0.24446476,0.83166516,True
507,-0.13222086,0.85249627,0.5361947,False
506,0.6911082,-0.78113997,-0.18207419,True
505,-0.9161706,-0.9606155,-0.6547892,False
504,-0.7032559,-0.20005584,-0.14839852,False
503,0.49860537,0.37950015,0.48084784,True
502,-8.0803394e-2,-0.115621805,-0.38197005,False
501,-0.6653141,-0.7854563,-3.8719177e-4,True
500,0.76946914,0.7698573,-0.56916034,False
499,-0.5258298,1.0595322e-2,-0.23873842,False
498,0.5100925,-0.26904023,6.290889e-2,True
497,5.492568e-2,0.68279445,0.37009084,False
496,-0.106039524,-5.0565958e-2,0.39949775,True
495,0.11562133,0.7313833,0.18530858,False
494,-0.69410896,-4.737401e-2,-0.98339653,False
493,0.6176629,0.8586042,-0.1795237,False
492,-7.837772e-3,-0.19391906,0.18594849,True
491,-0.41091704,-0.5859914,0.8081324,True
490,0.17953289,0.90823925,0.91164196,True
489,-0.37769258,-0.9942355,0.9625535,True
488,0.7074299,-0.8899429,0.48463035,True
487,-0.660326,-0.5463253,-0.74927616,False
486,-0.36872613,-0.7714325,-0.95942616,False
485,-0.20061517,0.45642686,0.56988144,True
484,0.3832581,3.910637e-2,-0.14013565,False
483,-0.17844498,-0.56111515,-0.8701885,False
482,-0.6198468,-0.75031567,0.94313645,True
481,0.14802718,-0.73418343,-0.416358,True
480,-0.31553376,0.4121771,5.1317573e-2,False
479,-0.70444334,0.8642534,0.75949275,False
478,0.41261828,-0.23037195,0.91801417,True
477,8.176494e-2,0.7095791,0.81067145,True
476,-0.7945503,0.6761874,0.97763777,True
475,-0.3486098,-0.42031074,0.61032057,True
474,-0.47934175,0.8996184,0.43139434,False
473,-3.6616445e-2,0.16067123,0.55511093,True
472,-0.85442126,-0.20187473,3.717029e-2,False
471,-0.3296044,-0.41139603,0.10672736,True
470,-0.65886533,-0.35584688,-0.3973217,False
469,0.7600863,0.2203803,-0.59138954,False
468,-0.93497026,0.74166405,-0.32056344,False
467,-7.629728e-2,-0.615798,0.9448662,True
466,-0.1672523,0.41133547,-0.57563114,False
465,0.11676395,0.14365208,-0.7552438,False
464,0.79288816,-0.20745611,-0.4028108,True
463,0.5905417,-0.10005891,0.34333074,True
462,0.9230417,0.22970068,7.672846e-2,True
461,-0.6453959,0.9170673,-0.31645632,False
460,0.8616468,0.89320767,0.46295905,False
459,0.20183814,0.8103074,-0.2766235,False
458,-2.1159291e-2,-0.98162234,-0.56783974,True
457,0.70640516,-0.3352822,-0.37555707,True
456,-0.46471453,-0.6984036,0.65546227,True
455,0.31225848,-0.23483825,-0.6805507,False
454,0.24996614,0.88520837,-0.8399669,False
453,3.497815e-2,0.11800647,0.18026686,True
452,-2.08354e-3,0.5788708,0.9974332,True
451,0.24212742,-0.34575748,0.4607978,True
450,0.90044975,-0.47282457,-0.93779933,False
449,-0.9898002,-0.8648021,0.16063738,True
448,0.24467075,-0.1344651,-0.27939594,False
447,0.7555783,0.6135509,-0.783476,False
446,-0.23544014,0.60564244,0.4031694,False
445,-0.15157068,0.49708772,-0.7964281,False
444,0.25304723,-0.9095098,0.7355645,True
443,-0.49535286,-0.11438382,-0.23547351,False
442,0.6378013,-0.9625522,0.57840014,True
441,0.6399237,8.376944e-2,-0.84395003,False
440,-9.1828346e-2,-0.97529805,-0.19663739,True
439,0.98751235,-0.7292843,0.23164773,True
438,0.16611135,0.8423244,-0.5035901,False
437,-0.42159903,0.54163826,0.7691004,True
436,-0.74946904,0.5408317,0.89746475,True
435,6.0159087e-2,-0.40098906,0.9756105,True
434,-0.32286417,0.85871065,0.2616266,False
433,-0.17155468,0.6754974,0.5416987,False
432,-7.995927e-2,0.96418273,0.7186798,False
431,0.5283985,-0.1696198,0.53595984,True
430,0.5120138,0.257133,-0.6176803,False
429,-4.036045e-2,0.6416669,-0.70178103,False
428,-0.76053655,-0.22531223,-0.9962876,False
427,0.6363919,0.9189652,0.5036261,False
426,-2.2806287e-2,-0.8073373,-0.26567805,True
425,-0.9321004,0.9410759,4.269898e-2,False
424,0.19487727,-4.3744087e-2,-8.722544e-2,True
423,0.10805988,-0.83979225,0.31575084,True
422,0.71051276,0.20601702,-0.9326005,False
421,-0.57686627,-0.27075362,-0.9964348,False
420,0.6042657,-4.5428872e-2,2.2406459e-2,True
419,-0.44062567,0.39988768,0.51115537,False
418,0.48433232,-0.6628921,-0.8707305,False
417,0.68646014,-0.11172223,-0.76060617,False
416,-0.30439198,-0.7245432,0.16257036,True
415,0.3073486,-7.8145266e-2,0.55664814,True
414,-0.67654943,-0.34822655,-0.21243238,False
413,-0.8262603,-0.2806462,0.23262107,True
412,0.3261156,-0.17042482,-0.24889863,True
411,0.3678527,-0.6026012,0.33561504,True
410,-0.30555737,-0.43764782,-0.6106274,False
409,-0.53109,-0.35658288,0.75954986,True
408,-0.6782043,0.8558173,-9.257245e-2,False
407,0.12210739,-0.57180285,-0.1360116,True
406,-0.29365623,-0.9133314,0.18310714,True
405,0.18182969,0.52801,0.8825724,True
404,0.48608112,-0.29860723,0.36660504,True
403,0.7690989,-0.37318468,0.4729824,True
402,-0.9407164,0.5805849,0.9287908,False
401,-0.53347456,-0.23399425,-0.4880867,False
400,3.0479789e-2,-0.3777367,-0.3938216,False
399,-0.88906705,0.95013654,-0.45727873,False
398,-0.27400708,-0.7962532,0.68030417,True
397,-0.35148394,0.46512437,6.701243e-2,False
396,0.45043063,0.76881886,-9.960401e-2,False
395,-0.6520034,0.19021964,0.10426366,False
394,0.8831122,0.8575635,-0.13426137,False
393,0.7758429,0.21615219,0.655048,True
392,0.48606038,0.16870499,0.6231189,True
391,0.1644063,0.88013005,-0.6042831,False
390,0.42702246,0.881004,0.72053754,True
389,0.87938917,-0.29902995,0.6433419,True
388,0.8793212,0.53966916,-0.95179427,False
387,3.131807e-2,0.9658226,0.7968298,False
386,0.49960542,0.8537524,-0.32077956,False
385,0.91570175,0.3719511,-0.44428015,False
384,-0.84850895,-6.246972e-2,-0.45838594,False
383,-0.73036325,-0.12266922,-0.14524448,False
382,-0.62492085,0.7426921,-0.8418999,False
381,-0.61235917,0.22068512,0.5592133,True
380,-0.8241043,-7.8035116e-2,-0.88687265,False
379,0.7332355,-0.7916225,-0.6638727,True
378,0.6801634,-0.23007917,0.81933427,True
377,-0.91534936,-0.9027848,-0.13248658,True
376,-0.7044258,-1.0822773e-2,-0.8771162,False
375,-0.48966014,0.25250816,0.53809524,True
374,-0.11067152,0.17155612,-0.49227464,False
373,-0.9166031,-0.19194055,0.42177427,True
372,0.69337475,0.83007324,0.74829054,True
371,0.7679473,-0.9363167,-0.3837794,True
370,0.65209866,-0.21205139,-0.5695094,False
369,0.1459893,-0.604386,0.77822566,True
368,0.8436279,-0.45464993,0.6170671,True
367,-3.545475e-2,-0.7916796,0.6359836,True
366,-0.9173018,0.704445,0.93805814,False
365,0.10507643,0.72635424,0.19441545,False
364,-0.43863702,0.11612034,-0.7316148,False
363,0.3772179,-0.5164008,-0.96533906,False
362,0.4977759,7.411194e-2,-0.68601966,False
361,0.5196717,0.5811589,0.32382548,False
360,0.882831,0.35722828,-0.107566714,False
359,-0.66703737,-0.6934509,0.111017466,True
358,-0.46787715,0.1694789,-9.783745e-3,False
357,-0.9342196,-0.43443084,0.77631104,True
356,0.62839425,-0.78133667,0.40767527,True
355,-0.5966122,-0.46252823,-0.4749918,False
354,-0.3845439,0.59837985,0.3292066,False
353,0.5382347,-0.4572842,0.4175912,True
352,8.792305e-2,-0.18355417,5.5309296e-2,True
351,0.7426137,0.3327266,-0.48769522,False
350,0.4994583,0.107088685,-0.8783212,False
349,0.22569275,0.64885163,0.8884214,True
348,0.5799458,0.8981327,0.30786192,False
347,9.8243356e-2,0.82882774,-0.16499901,False
346,0.26262844,3.8003087e-2,-0.51913714,False
345,-0.529927,-0.95790434,-0.51673186,True
344,0.35470665,-0.9309499,0.6285372,True
343,-0.105608106,-7.6818466e-2,0.98316944,True
342,-0.75730383,0.30131662,-0.15943646,False
341,-0.34455335,4.9282193e-2,-0.5816076,False
340,0.92450047,-0.68402576,0.52319026,True
339,-0.86019635,-4.9459577e-2,-0.786971,False
338,-0.58268607,0.6164849,-0.4230981,False
337,0.3421806,0.53991246,-0.42630005,False
336,-0.6503643,-0.7910849,-3.9158106e-2,True
335,-0.44446564,-0.5256697,-0.6635357,False
334,-4.5291305e-2,0.4836396,0.393075,False
333,0.76852715,0.48132944,5.2693486e-2,False
332,-0.57521415,0.8251337,-0.20046449,False
331,-0.8514205,-0.16458702,7.00084e-2,False
330,0.77521706,0.20475447,0.9100021,True
329,-0.60697997,-0.9804083,0.38114095,True
328,0.24199617,-0.17251885,-0.86286473,False
327,0.3033148,0.70607364,0.67949855,True
326,0.12239218,-0.44188774,5.6854844e-2,True
325,0.14313912,-0.68280697,8.951962e-2,True
324,-5.9072256e-2,0.55112755,0.52796006,False
323,1.79497e-2,-0.6351043,-0.14465702,True
322,0.29296923,-5.2775025e-2,0.35893893,True
321,-0.8204826,-2.2844434e-2,-0.6952243,False
320,0.65477633,0.4707774,-0.7319716,False
319,-0.37896335,-0.9782046,0.8654314,True
318,-0.10340047,0.25900126,0.9301568,True
317,-0.3894658,-0.99830914,-0.64063823,True
316,-0.34675503,-0.13288689,0.85222316,True
315,-0.61031604,9.697139e-2,0.57365036,True
314,-0.480363,0.74316955,0.89932597,True
313,-0.115532756,-0.21978676,-0.86614525,False
312,0.7810402,-0.8829471,-0.9035499,True
311,-1.08428e-2,-0.32921112,0.81532013,True
310,-0.6055907,0.46966445,-0.39138138,False
309,0.7315204,0.60932136,0.8643975,True
308,0.6404257,-0.6816323,-3.0427337e-2,True
307,0.91226506,-0.50984144,-0.39670455,True
306,0.23670805,0.8533745,0.45847964,False
305,0.5909171,-0.30893874,-0.9591688,False
304,-0.95971596,-0.20655727,-0.7123667,False
303,0.73567426,-0.84326375,0.62103105,True
302,0.4632566,-0.48351336,0.99117386,True
301,-0.7568655,-0.18640745,-8.159757e-3,False
300,7.27222e-2,5.1989555e-3,7.755089e-2,True
299,-0.9216012,-0.32438004,0.35495615,True
298,0.97718644,-0.94606066,5.2205324e-3,True
297,4.8001766e-2,2.11339e-2,-0.513754,False
296,-0.90952957,0.38189042,-0.63047993,False
295,0.21700907,0.28694463,-0.9116876,False
294,-0.72749853,-0.36854172,0.84917426,True
293,-0.39587808,-0.14776361,-0.13472557,False
292,0.21174407,-0.102277994,0.30961335,True
291,0.44207585,-9.020281e-2,-0.6813638,False
290,0.8298634,-0.17921746,-0.9115552,False
289,0.32701492,1.4117837e-2,0.20258534,True
288,-0.5393481,-0.91102016,-0.74953973,False
287,-0.2997347,0.25123358,0.12722695,False
286,0.83282864,-0.39529657,0.4362265,True
285,0.26731634,-0.2867154,-0.7536012,False
284,0.39821172,0.8425307,0.10502291,False
283,0.374902,0.75595903,-0.5973519,False
282,0.58851624,-0.7877586,0.8354113,True
281,-0.41782618,0.5773351,-0.57583344,False
280,-0.5482558,-0.48536837,2.4150848e-2,True
279,0.8150151,-1.400125e-2,-0.15881336,True
278,0.34576797,0.43135154,-6.953907e-2,False
277,-0.91706574,-0.7719811,1.4569879e-2,True
276,0.20917988,-0.24123693,0.54804265,True
275,-0.38889146,-0.26489353,0.4804436,True
274,-0.9654106,-1.1145711e-2,0.93160415,True
273,0.8887813,-0.52106965,-0.8549838,False
272,-0.2499001,0.81027853,-0.22931373,False
271,0.7568625,-0.1388551,0.8875443,True
270,-0.73730206,-0.8030344,0.12256539,True
269,-0.4419682,0.6881702,0.39300036,False
268,0.5720818,-0.14680028,0.30945075,True
267,-0.31371117,-0.28939426,-0.9362463,False
266,-0.7646955,0.11212957,0.38918495,False
265,-0.45718718,0.55998516,0.3418249,False
264,-0.5274484,0.5798118,-0.5770068,False
263,-0.5651704,-0.41795564,-0.39261997,False
262,0.2578069,-0.7231382,0.84403086,True
261,-0.44852638,0.9371431,0.20295763,False
260,0.7596115,-0.71895933,1.0448217e-2,True
259,-0.8510374,0.94608617,0.4454695,False
258,0.6295521,-0.29351997,-0.9519385,False
257,0.4832692,0.12917686,0.74795425,True
256,0.6734636,0.1125232,0.3869846,True
255,-0.43762112,-0.17125487,-0.36882603,False
254,-0.66408575,-0.8343502,-9.887862e-2,True
253,-0.3964777,0.69022965,-0.771945,False
252,0.48309863,0.33688545,0.54321074,True
251,-0.25851429,-0.97915566,-0.79700875,True
250,-0.8950558,0.38464713,-0.8172058,False
249,-0.78851545,0.5834336,0.9840621,True
248,0.7299521,-7.684982e-2,-9.788537e-2,True
247,0.23794591,0.7983153,-0.24975681,False
246,0.29436183,0.21823466,0.69771194,True
245,0.53205514,-0.52787745,-4.9847007e-2,True
244,-0.18145251,-0.6431637,0.58797467,True
243,0.2352854,0.14123654,-0.16827595,False
242,-0.93930554,-0.2784071,-0.4982636,False
241,0.12845111,-0.6681545,0.2026633,True
240,0.33858478,-0.9191636,-0.6663271,True
239,0.62264454,0.35836077,-0.8647753,False
238,0.33077335,-0.99159515,-0.40779412,True
237,-0.18091547,-0.21440387,0.80433,True
236,-0.7735319,-0.21244717,0.5284754,True
235,1.2326837e-2,0.22848701,-0.53793764,False
234,-0.8706658,-0.23967445,0.7620784,True
233,-0.81833994,0.7847495,-4.3025613e-2,False
232,-0.16763735,0.8480854,-0.44106042,False
231,0.3375038,7.3985934e-2,0.63271797,True
230,-0.4947983,0.5915284,-0.1562177,False
229,-0.6363852,-0.44746387,0.6353351,True
228,-0.2909088,0.11926353,0.36164045,True
227,-0.6287093,0.4036429,0.7530463,True
226,0.9963825,0.31769013,-0.24483955,False
225,0.5964321,-0.20480502,-0.9682902,False
224,-0.3386929,0.7407279,0.19251394,False
223,0.74763787,-0.5829295,-9.289765e-2,True
222,-0.3625058,-0.7900312,0.43910933,True
221,0.12545848,-0.22889376,0.95102954,True
220,0.5799718,-0.69358754,-0.14824712,True
219,-0.89505255,0.76392925,-0.63265824,False
218,0.42658627,-6.759119e-2,-8.811855e-2,True
217,-0.75493205,-0.20553458,-0.48703337,False
216,-0.88420105,0.34583223,0.8421179,True
215,-0.67363596,-0.21286118,-0.4250064,False
214,0.18093204,-0.3745513,0.57500505,True
213,-0.26969254,0.5346682,-0.27305174,False
212,-0.18862689,0.80243194,-0.55339587,False
211,0.6292547,-0.50721955,0.5973723,True
210,-0.23924422,0.24404895,-0.7693616,False
209,-0.9016607,-0.7112156,-0.9543191,False
208,-0.19825459,-0.13630807,-0.45279586,False
207,0.25165653,-0.5943942,-0.9069363,False
206,-0.56891406,-0.84137225,-0.8617344,False
205,-0.9666674,-0.5510862,0.6727903,True
204,0.48290062,0.8230853,0.7306918,True
203,-0.48638654,-0.9311929,-0.83196425,False
202,0.9081321,0.17663133,-0.5901289,False
201,0.67127275,-0.99253154,0.8908671,True
200,0.6828799,0.89455783,0.74044883,True
199,0.43895292,0.79453504,-0.37553895,False
198,-1.5236855e-2,-0.596992,-0.915867,False
197,-0.7806803,-0.9612528,0.78649616,True
196,-0.735245,-0.6675496,-0.320184,True
195,-0.41049206,0.47395086,-0.7246516,False
194,-0.6316749,0.65389085,0.53767765,False
193,-9.331381e-2,4.896176e-2,-0.41158295,False
192,2.365005e-2,-0.8326069,-0.13857532,True
191,-0.95271826,0.9657011,-0.66324687,False
190,-0.69187975,0.515705,-0.4997332,False
189,0.38283038,0.3380381,7.093787e-3,False
188,0.65808463,0.545727,0.899832,True
187,5.9165478e-2,0.9424455,-0.8790128,False
186,-0.17424238,0.63519466,0.63369846,False
185,0.41220355,0.43264627,0.20263505,False
184,6.4525366e-2,-0.15489805,0.24270701,True
183,0.36336112,-0.15113664,0.7055503,True
182,0.4570371,-0.44788802,0.41266954,True
181,0.41594994,9.940839e-2,-1.71839e-2,True
180,-0.21812785,-0.71882486,0.26824534,True
179,-0.21228921,-0.30210364,0.71389616,True
178,-0.89049315,8.9918375e-2,0.85778975,True
177,0.64225686,-0.25548184,0.80445874,True
176,-0.89349484,0.7196003,-0.66798866,False
175,0.4148233,0.9402224,0.44874394,False
174,0.8755009,0.871063,0.6681484,True
173,0.60006356,-0.84260607,-0.43838692,True
172,9.981036e-3,8.8890076e-2,-9.782195e-3,False
171,0.7841679,0.6777053,0.35492826,True
170,5.522573e-2,-0.5978122,0.93135226,True
169,1.664126e-2,-0.6626097,0.7996774,True
168,-0.87356234,0.65622985,0.9996319,True
167,0.9051187,-2.2551417e-2,-0.5137526,False
166,0.1867199,-4.5051575e-2,-0.71836996,False
165,-0.44190896,-8.84099e-2,-0.16821599,False
164,0.10194659,0.14677942,0.6134536,True
163,0.23553562,-0.4615991,-0.6107249,False
162,-0.29152644,0.4333365,0.13689947,False
161,0.5076977,-0.97734034,-0.83395064,True
160,0.7937964,-0.7555299,0.8783177,True
159,-0.6313735,-0.11446929,0.8840865,True
158,-0.86669755,0.811154,0.90498495,False
157,0.33947062,-0.51789653,0.4358921,True
156,0.56363,-0.57570994,-3.4982085e-2,True
155,-0.9533844,0.34366643,1.1955738e-2,False
154,0.9587133,-0.62064373,0.82317793,True
153,0.23904371,-0.9569626,-0.7605001,True
152,-0.75499713,0.46399415,0.58273494,False
151,0.4662001,0.46247292,-0.5697348,False
150,-0.2439425,0.6493834,-0.34167528,False
149,-0.1779623,0.7416556,-0.66861534,False
148,0.82316256,-3.206432e-2,0.85189044,True
147,-0.35834348,0.14386785,-0.69294035,False
146,0.19271684,4.906857e-2,-0.9822713,False
145,-0.51031697,-0.82262015,0.37515664,True
144,-0.8274183,-1.7272234e-2,0.14044929,False
143,-2.7482629e-2,-0.5501176,9.1158986e-2,True
142,-0.7075943,-0.41305482,-0.10394919,False
141,-7.1573734e-2,-0.9597117,-0.7537793,True
140,-0.68713427,-0.16842163,0.5355785,True
139,-0.9622607,-0.72429585,0.35531008,True
138,0.1184504,-0.6605407,0.5418242,True
137,0.6607288,-0.90339136,-0.6914077,True
136,0.6614462,0.6183876,9.230673e-2,False
135,0.26626527,2.1903872e-2,-0.28162408,False
134,-0.5739161,-0.16528225,-0.45414948,False
133,0.8705957,0.766484,-0.7457279,False
132,-0.40885973,-0.7273545,-0.12200153,True
131,0.10017836,-0.9792651,-6.448603e-2,True
130,9.805477e-2,0.24464083,-3.4855127e-2,False
129,-0.2629205,0.32100213,0.5715289,True
128,-0.7465849,-0.35477984,0.50478375,True
127,0.7562051,-0.23692417,-0.93464744,False
126,0.9201299,0.7534324,-0.5000261,False
125,0.93618417,-0.33398497,-0.803015,False
124,0.4464984,0.59881413,-0.84982336,False
123,-0.35933602,-0.6050961,0.9300281,True
122,0.6949527,0.98214126,-0.48819208,False
121,0.8910339,0.76260495,-0.20259845,False
120,7.393396e-2,0.92207277,0.3474244,False
119,-0.48514795,-0.5703424,0.6298435,True
118,-0.70384455,-0.31843448,-0.3423879,False
117,7.173729e-2,-0.5809654,-0.17866898,True
116,0.39674842,0.87148774,-2.9409051e-2,False
115,0.5435817,-1.9078612e-2,-9.9089146e-2,True
114,0.27375507,0.79453254,-0.7153704,False
113,0.5903559,0.8075478,-0.74687827,False
112,-0.9836614,-0.18984878,-3.5126805e-2,False
111,4.235959e-2,5.636251e-2,0.8053906,True
110,-0.87795377,-0.20289147,-0.7758672,False
109,0.24749255,-0.2349329,0.20399797,True
108,7.481086e-2,0.9965949,0.7654121,False
107,-0.19093573,-0.4640169,-0.36850023,False
106,0.52806914,-0.32850635,-0.68993545,False
105,0.49964368,-0.8469207,-0.84548545,True
104,-0.85721254,-0.49195838,-0.351359,False
103,-0.85597503,-0.649323,0.36118257,True
102,5.9056282e-2,0.3060534,-0.9530641,False
101,0.51918125,0.35852325,-2.5757909e-2,False
100,-0.9184011,0.6386936,-0.51947296,False
99,4.2185783e-2,0.85549307,-0.65673316,False
98,-0.78589964,0.13788772,0.10625827,False
97,0.2433238,8.8808894e-2,-7.153261e-2,False
96,0.9816855,0.6769352,-0.16894066,False
95,-0.8589214,0.40218055,-0.73474216,False
94,0.6986095,-0.72982717,0.4905908,True
93,0.62044156,-0.53628206,0.35949993,True
92,0.6197498,0.2708733,5.084753e-2,True
91,-0.6647166,-0.6083306,0.89474607,True
90,-0.8433355,-0.83511376,0.8600186,True
89,0.36848593,-0.23736548,-0.60590816,False
88,0.5950005,-0.3790642,4.810536e-2,True
87,-0.8585814,0.13405931,-0.93145657,False
86,6.7089915e-2,-0.77755094,-0.8458431,False
85,0.24572468,-0.57133317,0.57277274,True
84,-0.46260405,-7.173765e-2,-0.38453853,False
83,0.20379043,0.10491574,0.11667514,True
82,0.99308753,0.6476271,-0.9848006,False
81,0.25860798,-0.4056828,9.077978e-2,True
80,0.20932138,-0.9852401,0.54299426,True
79,-0.12915409,0.3996272,0.89320076,True
78,-0.22651875,0.9216062,0.6596128,False
77,-0.8699491,0.8303355,0.30275393,False
76,-0.31031835,-0.31431723,0.7001817,True
75,0.54159534,-0.8442347,0.8013277,True
74,0.27182305,-0.5859612,0.25803494,True
73,0.81604433,-0.5908445,-0.93384695,False
72,-0.18681371,-0.6265434,-0.44684446,True
71,0.23417044,-0.7065203,0.3439281,True
70,-0.32732308,-0.67046404,0.63219476,True
69,-0.6479157,-0.12608767,0.7307817,True
68,-0.19865334,-0.2861234,0.54008293,True
67,1.6486764e-2,0.75431335,-0.371621,False
66,-5.5374384e-2,-0.23475707,-0.8261622,False
65,-0.9243485,0.18152225,-0.9775171,False
64,0.32626522,0.7551842,0.9991499,True
63,0.38522768,0.7604095,-0.6513063,False
62,0.3377409,-0.7850096,-0.32047176,True
61,0.67382574,-0.38259804,-0.8233198,False
60,0.624527,0.99738014,0.7300589,True
59,-0.5106659,-0.44251037,-4.8928022e-2,True
58,-0.62650526,-2.0029783e-2,0.74583745,True
57,0.9040549,0.47926188,-0.21700108,False
56,-0.5414939,8.601892e-2,-7.284033e-2,False
55,-2.9643297e-2,-0.96630657,-0.6354412,True
54,0.42631853,-0.45541716,0.3890853,True
53,-0.8567858,-0.5100454,-0.7518176,False
52,0.96893764,-0.5415375,-0.23712504,True
51,-0.60659635,0.10387468,-0.42712593,False
50,-0.16036415,0.17807472,-0.74227655,False
49,-0.6974621,0.14427423,-4.4383287e-2,False
48,0.79240954,-0.8671038,-0.5685568,True
47,0.3555678,-0.98553395,0.4040829,True
46,-0.7531023,-0.4125023,-0.45696008,False
45,-0.31190217,-5.041516e-2,0.3778664,True
44,-0.7582334,-3.2642365e-2,0.8808671,True
43,0.50811887,-0.24565089,-0.5177587,False
42,0.4092089,-0.4875449,0.2874949,True
41,0.93944347,-3.2820463e-2,-0.22450447,True
40,-0.85262,0.86254704,-0.19767296,False
39,7.59635e-2,-0.89274895,0.5515021,True
38,0.3313148,0.1568309,-0.9632915,False
37,0.99070156,-0.9968226,0.28942406,True
36,-0.37831163,-3.1347275e-3,-0.64744425,False
35,0.22049546,0.96324575,-0.34788907,False
34,-0.10738158,0.15110147,-0.74071395,False
33,0.86702967,0.16754568,-0.33998442,False
32,-2.9586434e-2,0.39067352,-0.2804563,False
31,0.2324735,-0.19100547,0.22697902,True
30,-0.9501567,0.18891144,9.968066e-2,False
29,0.33070683,-0.39536119,0.84552705,True
28,0.42881095,-0.47522545,-0.71929765,False
27,-0.7153872,-0.9308814,0.9595851,True
26,-0.43864107,-0.13222682,-0.8544612,False
25,0.40762842,-0.9566735,3.5066366e-2,True
24,-0.9889953,0.5201982,-0.940691,False
23,0.4612471,-0.7826414,0.16359437,True
22,0.45754957,0.4994079,0.28492224,True
21,-0.6105555,-2.684331e-2,0.19675219,False
20,-0.4007262,-0.9279728,-9.679437e-3,True
19,-0.43342793,0.88969743,0.86783934,False
18,0.9646795,0.9390267,-0.39965403,False
17,0.9374498,-0.9888829,0.9263059,True
16,-9.265208e-2,-0.37442648,-0.6268358,False
15,0.62119925,-0.30269873,0.38672733,True
14,-0.6722566,-0.8468716,-0.7717099,False
13,4.1664362e-2,0.56060445,0.1630367,False
12,0.3870678,-0.6134267,-0.7128172,True
11,0.8564588,-0.3318696,-0.26282787,True
10,-0.4213525,-0.17764509,0.7701137,True
9,-0.68382,0.7207134,3.3612132e-2,False
8,0.55513585,-0.8906746,-0.24180412,True
7,0.5020342,-6.557393e-2,-0.5650251,False
6,-0.30446494,8.619583e-2,-3.348303e-2,False
5,0.35903668,0.27957153,-0.84199667,False
4,-7.689953e-2,0.39808857,-0.98025155,False
3,0.27279198,-0.5235357,-0.8962133,False
2,-0.15636587,0.48325872,0.5723611,True
1,0.4641291,-0.4749503,-0.85934186,False
0,0.98894477,-0.12991464,0.45747733,True
