999,0.86159146,-0.30263245,-0.59893465,False
998,0.17823756,0.6335529,0.9747778,False
997,0.31927216,0.8085941,-0.5591738,True
996,-0.84968436,0.13445973,0.8871628,True
995,-0.49620092,0.9539809,-0.3879335,True
994,-0.7577553,0.77154994,0.809091,True
993,-0.8002107,-0.47525918,-0.16480553,True
992,7.858527e-2,0.64263225,-0.23210204,True
991,-0.3730197,0.93202436,-0.6465019,True
990,-0.2714517,-0.8613446,0.934358,False
989,0.16269994,-0.78112054,-0.84671175,True
988,-0.52151155,-0.7252656,-0.6524569,True
987,-0.7664639,-0.77678597,-0.21637583,True
986,0.1926254,-0.60017335,-0.7684686,True
985,0.83237803,-0.152138,-0.57345736,False
984,-0.12523532,0.38168502,0.4698485,False
983,0.1953913,0.6985898,-0.836488,True
982,-0.55493486,0.5702566,0.1839664,True
981,0.8785981,-0.7798549,-0.62759995,False
980,-0.36100018,0.98736584,0.4414482,True
979,-0.23899639,0.41161156,0.5110601,False
978,0.38002825,-0.69336367,0.810045,False
977,-0.8781029,-0.45447516,0.98256624,False
976,-0.79215205,0.438429,0.53416586,True
975,-0.53630817,-0.27741587,-0.21903276,True
974,-0.43152833,0.4814601,-1.0631084e-2,True
973,-0.9394866,0.684994,6.937897e-2,True
972,0.31946445,-0.5181663,0.13407552,False
971,-0.35062885,-0.7139491,0.60247576,False
970,0.4980154,0.168975,-0.2672137,False
969,-0.5588517,-3.3244014e-2,0.33502448,True
968,-0.11526644,-0.5869684,0.9453789,False
967,0.7867348,-0.67720294,-0.661381,False
966,0.42891192,0.754972,-0.5625403,True
965,-0.7624314,0.20326626,-0.5291413,True
964,0.9707216,0.54902947,0.5095525,False
963,-0.7526332,-0.16192508,0.35690486,True
962,-0.3693292,-0.89715755,0.75966,False
961,0.5042441,0.21054542,-0.10644305,False
960,0.6661155,-0.19873202,0.88276696,False
959,0.24026835,0.6484206,0.2843442,False
958,0.915243,-1.0921001e-2,-0.19656944,False
957,0.30842423,0.7591307,-0.8588413,True
956,0.7019732,0.7010447,-2.9804945e-2,False
955,0.65687144,0.3890977,0.90638757,False
954,0.12948573,0.68647814,-0.22686672,True
953,0.49672568,-7.3230267e-4,-0.52107334,False
952,-5.6129217e-2,0.36328208,-0.3156867,True
951,-0.15977907,-0.28759134,-0.31399977,True
950,0.83324397,-0.61490333,-0.3375641,False
949,-0.46258712,0.5345448,0.2797612,True
948,-0.64600956,0.7350366,-0.88282216,True
947,0.69411635,0.27584267,-0.169595,False
946,0.41372764,-3.2366514e-3,-0.7957393,True
945,-0.61480856,0.45860887,-0.9331083,True
944,-0.24391615,-3.9341807e-2,-0.53080595,True
943,0.9264091,0.2642386,-0.22896099,False
942,0.87747824,-0.8989085,0.38849258,False
941,0.6342759,-0.22839141,-0.8102194,True
940,-0.791191,0.7957138,0.499954,True
939,-0.68968177,0.8198408,0.7800044,True
938,6.110847e-2,-0.9876461,0.24787843,False
937,-0.92041993,0.62591016,-0.1906184,True
936,0.3288077,0.23458183,-0.61385584,True
935,-0.7935513,-4.78971e-2,0.71668446,True
934,-0.36316967,-0.35737395,0.9757167,False
933,0.7134353,0.39384556,0.46289206,False
932,2.0278811e-2,-0.92063046,0.4957242,False
931,0.571381,0.5576837,0.8915416,False
930,0.57551897,-0.49195218,0.80761456,False
929,0.467386,0.901646,0.394642,False
928,0.6691773,3.8152695e-2,0.96270406,False
927,-0.7560278,0.19127595,-0.68063736,True
926,-0.2610712,0.35295367,-0.10511041,True
925,-0.4431523,0.14955413,-0.38268638,True
924,0.65158963,-0.9944581,-0.8952291,True
923,-0.22188985,-0.38786232,0.78511274,False
922,-0.4373548,0.6877209,0.17244685,True
921,-0.5666796,-0.41667926,-0.7341001,True
920,-0.56953895,0.6857281,0.815071,False
919,-0.79463065,0.75220644,-0.9759909,True
918,-0.86793876,-0.68389654,0.99298716,False
917,0.73365796,-0.7037213,0.92006695,False
916,0.36328602,-0.5472162,8.985162e-3,False
915,-2.7213335e-2,4.2636037e-2,0.1490401,False
914,0.3735367,-0.18500745,0.17319608,False
913,-0.43708658,-8.917868e-2,7.519722e-4,True
912,0.3396883,-0.7121098,-0.12617338,False
911,1.2279987e-2,-0.8805063,-0.5370754,True
910,-0.9434024,0.27662325,-0.5066314,True
909,0.9357009,-0.1668886,-0.49548328,False
908,-0.32966828,-0.56209636,-0.9802849,True
907,-0.34740257,-0.8506994,0.12591648,True
906,-0.9014746,-0.3129356,-0.575928,True
905,6.103301e-2,-0.15917301,-0.44137514,True
904,-0.46373427,0.24355388,0.55071986,False
903,-0.69965243,0.4377749,0.23732841,True
902,0.9610101,-0.24978888,-0.61975384,False
901,2.267611e-2,0.22481334,3.8796663e-3,False
900,-0.76169336,0.61646545,5.526805e-2,True
899,0.58347154,-0.87821937,0.70207536,False
898,0.97363806,0.39232087,-0.10538912,False
897,-0.44526875,0.7083757,-0.34559858,True
896,4.1967392e-2,-7.6144695e-2,0.7910526,False
895,-0.7573266,-7.303214e-2,-0.55200183,True
894,-0.6983671,0.6368487,0.10830915,True
893,-0.1507988,-0.3128773,3.0183196e-2,True
892,-0.693897,-0.86848044,-0.3644005,True
891,-0.7150558,-0.20888877,-0.38306046,True
890,0.4695835,-4.2563558e-2,-0.33696496,False
889,0.54624915,0.6909741,-0.50986826,False
888,-2.6156783e-2,-0.5445417,-0.19720829,True
887,0.7011279,0.30218005,-0.9690846,True
886,0.84348536,-0.70074594,0.9412885,False
885,0.93023014,-0.2033217,0.3073511,False
884,-0.17465317,-3.6352158e-2,0.7649528,False
883,-0.7501403,-0.6172631,-0.61399496,True
882,7.796931e-2,-0.41643178,-0.74200916,True
881,-0.10375905,-0.5270945,0.4172833,False
880,-0.56822765,0.53419673,0.50157773,True
879,-0.32510364,-0.6974007,0.36655486,False
878,0.6136925,-0.90569305,-0.8198333,True
877,0.8515358,0.4544294,-0.5460434,False
876,-0.5689331,0.58868587,-0.20940101,True
875,0.67040706,0.60284066,0.8070612,False
874,0.14398277,0.5741191,0.21988201,False
873,-0.2262131,0.81111515,-0.20666373,True
872,-0.37465405,0.800879,-7.8950524e-2,True
871,-0.7119442,-0.71584225,-0.79848886,True
870,-0.27718925,0.83383393,-0.8102801,True
869,-0.5394527,0.25933146,0.33450162,True
868,5.3348064e-2,0.27451634,0.5772079,False
867,-8.040905e-3,-0.69896924,9.426522e-2,False
866,-0.6773914,0.95764685,-4.3345094e-2,True
865,0.6075169,0.18302536,-0.5232867,False
864,0.99136627,-0.37038743,-8.274448e-2,False
863,-9.188366e-2,0.7502147,-0.98097396,True
862,0.6691934,0.23684049,0.3811041,False
861,-0.16010344,4.6302795e-2,-0.89983535,True
860,0.6404879,-0.26704717,-0.59180176,False
859,0.99500716,4.713607e-2,-0.43048942,False
858,0.4124751,-0.929863,-0.467618,False
857,-0.74744296,-0.4009136,-4.477787e-2,True
856,0.5002955,0.73459756,-0.5936301,True
855,0.5854533,0.5963994,-0.93520427,True
854,0.7837577,-0.3047886,0.1609273,False
853,-0.70705783,0.38705897,-0.77302694,True
852,0.6186681,-0.5972018,0.36787176,False
851,0.14284372,-0.39220834,0.49006474,False
850,-0.92893803,9.42564e-2,0.9528351,True
849,0.33187652,0.19604957,0.65585864,False
848,-0.8725437,-0.292315,-0.28900492,True
847,0.6053834,-0.4631672,0.15934706,False
846,-0.41235805,0.10999501,-0.39368224,True
845,-0.57952416,0.48754632,-0.2878133,True
844,-0.31136918,9.5697165e-2,-5.5346727e-2,True
843,-0.7380432,-0.63822746,0.31731677,True
842,0.85921466,-0.31927276,0.42694557,False
841,-0.32938302,0.21316326,-0.15920687,True
840,-0.188447,0.1842705,0.733106,False
839,-0.8177335,-4.171431e-2,-0.33495498,True
838,0.53621984,-0.552413,-0.7694037,True
837,0.73135996,-0.46708226,2.6414514e-2,False
836,0.8775288,-0.91499937,0.1196717,False
835,-0.25994146,8.322728e-2,-0.72469926,True
834,-0.71083546,0.82255566,0.47503293,True
833,0.14639056,-0.8184134,-0.89634025,True
832,-0.5907099,0.4459839,0.9839635,False
831,-0.5899048,-0.31842208,0.33906543,True
830,-0.9210912,0.7581682,0.77965486,True
829,0.5471294,-0.16397393,0.36591673,False
828,0.42284584,0.31855428,-0.4362532,True
827,0.1363815,-0.15901268,-0.5831716,True
826,0.98560107,7.1211815e-2,-0.9423307,False
825,-0.11099732,-0.95715785,-0.15253413,True
824,-1.330471e-2,-1.0080099e-2,-0.9539093,True
823,-0.98172307,-0.60171866,-0.4802822,True
822,-0.14348924,0.41427708,-0.34106672,True
821,-0.17534935,-0.14627719,-0.51343405,True
820,0.8791958,-0.60013103,0.4827361,False
819,0.54832065,0.30808854,-0.7687758,True
818,0.40011752,0.16338754,4.0601492e-2,False
817,-0.60102344,0.25865865,-0.43561757,True
816,-0.3229736,0.2092942,-0.16420722,True
815,-0.36910045,-6.472564e-2,5.5116415e-2,True
814,0.1866765,-0.72337115,0.51791894,False
813,-0.7918712,3.1501055e-2,-0.698416,True
812,-0.34078693,1.3960481e-2,0.2966931,True
811,0.7128905,-0.7473246,-0.45020306,False
810,-0.45525563,-0.40218794,0.82469416,False
809,-0.8094827,0.47154403,-0.62335694,True
808,-0.26722085,-0.15892255,0.68389523,False
807,0.7385644,0.65138936,-0.9228153,True
806,-0.44726884,0.98246765,8.060467e-2,True
805,0.54416597,-0.7652414,0.2367593,False
804,-0.56533134,-0.66616404,0.53231275,True
803,0.49569857,0.47698867,0.7042812,False
802,0.78293097,0.38786173,0.6781559,False
801,-0.24352288,0.716095,0.8325175,False
800,0.35714495,-0.46775424,-0.9863324,True
799,-0.6241683,-0.33411217,-0.8295374,True
798,-0.22516239,-0.7264645,-0.8546442,True
797,0.96591735,-0.5880228,0.628736,False
796,-0.8852531,0.24535632,-0.65938723,True
795,0.37807417,0.47172272,0.8952569,False
794,0.38482153,0.9334631,0.7013446,False
793,-9.321952e-2,0.5476936,0.48397613,False
792,-0.5621923,0.103336215,0.10694671,True
791,-0.57272947,0.80941784,-0.47820497,True
790,0.76419175,-0.3296281,-0.37951648,False
789,0.88855255,0.8910878,0.17107451,False
788,-0.24873185,-0.91268694,-0.8382274,True
787,0.5051197,0.58060884,0.4295324,False
786,0.8175895,-2.623272e-2,0.8849007,False
785,-0.6247741,0.9865134,0.39755332,True
784,0.28033173,4.473722e-2,-3.1282902e-3,False
783,-0.22507691,0.39933336,-0.64048564,True
782,-0.4132533,-0.20424795,0.5368434,False
781,-4.448712e-2,-0.24386215,-0.9624895,True
780,-0.6601044,-0.7023972,-0.90806293,True
779,-9.002936e-2,0.40582156,0.7225616,False
778,0.5404006,-0.82334054,0.13406694,False
777,0.81031466,-0.71564555,-0.85958743,False
776,-0.26975203,0.9415376,7.3706985e-2,True
775,7.23536e-2,0.51610017,-0.29655862,True
774,-0.72067916,0.9870161,-0.6912993,True
773,0.4075806,0.28681254,-0.47112095,True
772,-0.8987838,0.7652217,-0.7749816,True
771,0.57607937,0.40920138,0.6675662,False
770,0.61521065,-0.61879456,3.2060146e-3,False
769,0.764001,-0.33246934,-0.38958716,False
768,0.88828444,0.15190816,0.7019181,False
767,0.15832496,0.11346495,0.70617986,False
766,0.4493245,0.3651607,-0.22337282,False
765,0.8058928,0.6284373,-0.23619878,False
764,0.41540182,-0.76168644,0.22122109,False
763,-0.18586946,-0.79249465,-0.49083662,True
762,1.0475993e-2,-0.6201242,0.19173265,False
761,0.2674861,0.946607,-0.92960024,True
760,-0.38085246,0.20260477,-0.78983724,True
759,0.9682423,9.9823356e-2,-0.5801991,False
758,-0.9451325,0.5322466,-0.38056266,True
757,-0.5290235,-0.38717294,-0.9207785,True
756,0.8217505,0.4339739,-0.70743275,False
755,0.23068929,0.16268396,-0.24520802,True
754,0.6267375,0.484154,-0.78762674,True
753,-0.10352492,-0.19709027,9.963e-2,False
752,-1.9093752e-2,0.851537,0.72356665,False
751,-0.89534533,-0.6322247,-0.72173667,True
750,0.621804,0.48709714,0.8763778,False
749,0.30588412,0.71497095,0.20345509,False
748,0.6766411,-0.1300422,0.72051954,False
747,0.11580908,0.44112694,0.5070965,False
746,0.11083734,0.3290956,0.554479,False
745,0.4620248,-2.6392698e-2,-0.4787823,False
744,-0.60278213,0.40126085,0.9507445,False
743,-0.53070474,-0.61463153,1.0918379e-3,True
742,4.216838e-2,0.7058383,-0.9972744,True
741,-0.13608253,2.467215e-2,0.5919324,False
740,-0.16016412,0.7533946,-0.5452324,True
739,9.2181206e-2,0.9435196,0.61992085,False
738,0.47024965,-0.10026801,0.3619355,False
737,0.94901526,0.32124949,-0.5227494,False
736,0.37960732,0.68128574,-0.66992414,True
735,-0.5991944,0.25627673,-4.615295e-2,True
734,0.9602529,5.3606987e-2,0.49757826,False
733,0.7098,-0.10367036,0.21061444,False
732,0.7789496,-0.7611592,0.45924008,False
731,-0.76851475,-0.5633662,3.316164e-3,True
730,-0.8325852,-0.63867605,-0.41314483,True
729,0.6339363,0.40862656,8.48763e-2,False
728,0.13627493,-0.6656718,0.91060805,False
727,-0.7179519,-0.41642094,-0.68283796,True
726,0.1201942,-0.3150233,-0.7436693,True
725,-0.9475069,-0.41833043,-9.949207e-4,True
724,-0.16995764,-0.3408208,0.8630955,False
723,0.16008401,-0.37420952,0.6891674,False
722,-0.7783561,0.94786346,0.4531858,True
721,-3.171754e-2,-0.41190577,-0.45801938,True
720,-0.2749983,-0.103479624,-0.2335558,True
719,0.51226354,0.8780801,-0.4534092,False
718,-0.16094661,0.63012266,-0.9393337,True
717,-0.9227178,0.3408674,-0.5343305,True
716,0.3871925,0.20646822,-0.2088753,False
715,0.3804021,-0.2606411,-5.9844136e-2,False
714,4.192078e-2,0.44633842,-0.9975041,True
713,-0.98453283,-0.32492268,-0.62177956,True
712,-0.88382936,0.76556003,0.77510345,True
711,-0.7886064,0.47684097,0.6804528,True
710,-3.878379e-2,-0.18256104,-0.34971678,True
709,0.8149284,-0.9371481,-0.93283534,False
708,0.8794248,0.2181468,-0.7873727,False
707,0.26937473,4.18123e-2,-0.3181131,True
706,-0.9216577,0.8374257,-1.7409205e-2,True
705,-0.56593597,8.328891e-2,1.887083e-4,True
704,0.11771536,-0.9155127,-1.0554314e-2,False
703,0.19508302,-0.66611075,0.48537672,False
702,-0.78753114,-0.35319424,-0.9244411,True
701,0.6630111,0.9756534,0.8111143,False
700,-0.10118008,0.19898379,-0.91577756,True
699,-0.522661,0.90986574,0.9469688,False
698,0.46865237,0.9317354,0.7474121,False
697,-0.36377752,0.8397763,-0.34051776,True
696,-0.35399163,-0.22008884,0.5992038,False
695,-0.23756969,0.299255,-0.7648556,True
694,-0.9734833,0.54637873,-0.11105597,True
693,0.27094626,0.9993236,-0.44551194,True
692,-0.94553065,-0.20257974,0.69949126,True
691,-0.23515272,-0.41082585,-0.10976374,True
690,0.81630325,0.84617484,0.27673578,False
689,-0.6609403,6.590998e-2,-6.358707e-2,True
688,-0.5656748,-0.32182002,-0.31879246,True
687,0.89571965,0.68638957,0.61522603,False
686,0.8712617,0.53954995,-0.9305438,True
685,0.45818472,-0.76895547,0.7655214,False
684,-0.43549037,-5.72716e-2,-0.23032022,True
683,-0.7159786,-0.41050458,-0.51881313,True
682,-0.33568692,0.62176824,-8.153629e-2,True
681,-1.598239e-2,-0.15181577,0.6299782,False
680,-0.62521505,-0.8744991,-0.13959002,True
679,-0.8404138,0.5627502,-0.7646351,True
678,-0.665571,-1.51513815e-2,-0.1290561,True
677,0.77555835,-0.38538718,-9.6850514e-2,False
676,-8.639634e-2,0.843879,0.88155055,False
675,-0.30952823,-0.48634148,0.3147037,False
674,-3.2612085e-3,0.9883083,-0.5227456,True
673,0.5364574,-5.02553e-2,-0.15262043,False
672,-0.5168425,-0.7059872,-0.48354995,True
671,-4.1485548e-2,-0.211501,-0.25048876,True
670,0.93134284,0.22231972,-5.227089e-3,False
669,-0.20888126,2.8677344e-2,0.47142112,False
668,0.21910727,0.48187888,0.22928226,False
667,8.483064e-2,0.1432153,0.36693633,False
666,-0.76251173,-0.63265383,0.22121906,True
665,-0.8369875,0.10138786,-6.5003276e-2,True
664,-0.7862586,0.6124675,-0.7697494,True
663,-0.82036245,-0.95642495,-0.87896335,True
662,0.48797154,0.96327186,-9.5409036e-2,False
661,-0.32509804,0.95483506,-0.73104596,True
660,-0.4923643,0.6185229,0.9763899,False
659,-0.54496956,0.29011118,0.72688186,False
658,0.44883764,7.4249625e-2,-9.614813e-2,False
657,-0.27470005,3.381324e-2,0.25422513,True
656,-0.46382415,-0.7127576,-0.33507383,True
655,-0.34701455,-0.5446038,-0.72620475,True
654,-5.104351e-2,0.90303123,-6.6961884e-2,True
653,0.3846947,0.82672477,0.9342017,False
652,0.79553354,-0.60181284,-0.7312318,False
651,-0.6967739,-0.705232,-0.3919636,True
650,0.92413723,-7.916868e-2,0.6619233,False
649,0.7326766,0.7049681,-0.2752155,False
648,9.658575e-2,0.9937966,0.46933568,False
647,0.48014522,-0.9905573,-0.6550324,True
646,-0.15383601,-0.46793413,0.77343285,False
645,0.47285092,-6.668091e-2,0.829393,False
644,-0.8615751,-0.51757205,0.87142265,False
643,0.36894202,0.13784885,0.7789693,False
642,0.30950344,0.63797307,0.16215086,False
641,0.7297034,0.7147789,0.8275411,False
640,0.22173882,0.7988496,0.73019826,False
639,-0.34642053,-7.263708e-2,-0.9860147,True
638,-0.6647816,-7.53026e-2,0.91218865,False
637,0.12548232,-0.19799864,-0.6747384,True
636,-0.49004292,0.4090941,-0.7658576,True
635,0.5909387,-0.17855799,0.42982554,False
634,-0.39985788,-0.26830983,0.85491514,False
633,0.75206125,-0.36013007,0.9447706,False
632,-0.35130644,0.8941312,0.15547597,True
631,0.45536387,0.617347,0.8014568,False
630,0.76502836,-0.16999292,-0.28271115,False
629,0.53623545,0.14047372,0.2638266,False
628,-0.8101431,-0.15477526,-0.52071023,True
627,-0.25173903,-0.8965379,-0.7327199,True
626,-0.4659952,-0.69808125,0.8146298,False
625,-0.19126725,0.23246491,0.5884744,False
624,0.50580394,-0.21338546,0.9231136,False
623,-0.2081474,0.8253825,0.90457356,False
622,5.9847713e-2,-7.1989775e-2,-0.36336493,True
621,7.585311e-2,0.9341111,0.60964537,False
620,-0.9364368,-0.70126057,0.52473724,True
619,0.83693016,0.54354274,-0.14460993,False
618,0.7434977,-0.6492566,5.9446096e-2,False
617,-0.11965513,0.53152215,-0.5659901,True
616,0.7287251,0.3096398,-0.9860003,True
615,6.3697815e-2,0.52080107,0.806844,False
614,0.22730172,-0.29171062,-0.79472506,True
613,0.56560135,0.19549072,-0.8267622,True
612,-0.9720936,0.22837031,-0.9614171,True
611,-0.29175293,-0.14465535,0.23165703,True
610,-0.79259074,0.7363968,-0.6290425,True
609,-0.5003661,0.12929797,-0.7659204,True
608,9.31927e-2,-0.19699585,0.24104464,False
607,-0.79677653,-8.7163806e-2,-0.9784193,True
606,-0.5590905,0.94425404,1.3023257e-2,True
605,0.5138991,0.9887986,-0.35499227,False
604,-5.4358363e-2,0.1574421,0.6388769,False
603,-0.16184616,0.30128753,-0.18709695,True
602,0.32144237,-0.24294162,-0.9358156,True
601,-0.2864374,5.4550886e-2,0.9388206,False
600,0.6510924,-0.21248388,0.48025465,False
599,9.359121e-2,0.8701899,-0.6965537,True
598,-0.28141415,0.95689344,-0.75198984,True
597,-0.8377212,0.77475524,0.7850903,True
596,-0.81593657,-0.48635817,0.6042633,True
595,-0.58150256,0.74567175,-0.7979238,True
594,0.41267288,-0.72021174,0.46012616,False
593,0.5001993,-0.57176375,0.68115485,False
592,-2.681923e-2,0.42263496,-2.5645614e-2,True
591,0.846552,-0.48868942,0.84624326,False
590,0.85328734,0.99538505,2.5352359e-2,False
589,-0.6496444,0.7873715,0.1515634,True
588,0.121605635,0.44961095,-0.29238677,True
587,-0.82091355,0.7082007,-0.11409187,True
586,0.37771857,0.6582004,-8.665323e-3,False
585,0.9342557,0.7522825,-0.9645839,True
584,-0.9385004,0.65949774,-0.67836607,True
583,0.51955616,-0.7525873,-0.69998884,True
582,0.926973,-0.7916368,9.468079e-3,False
581,0.4213401,0.5662577,0.84138644,False
580,-0.19008493,0.52826655,-0.58054364,True
579,-0.48011923,-0.40148377,0.10945094,True
578,0.63195217,0.9877466,-0.12279034,False
577,0.49709237,0.91892624,-5.7106733e-2,False
576,0.7175509,0.6295171,-0.84107876,True
575,-0.20974553,0.41690934,0.36295044,False
574,0.8311446,-0.3001715,-0.7549219,False
573,-0.42673397,0.478925,-0.82039666,True
572,7.788658e-3,0.42906725,-0.6941209,True
571,-0.98534966,0.6726459,-0.34554017,True
570,-0.4469366,-7.500517e-2,0.9770316,False
569,0.20247173,-0.6639712,0.6427491,False
568,-0.6241964,0.89864314,-8.992553e-3,True
567,0.30675995,-0.3091762,0.821617,False
566,-0.97528255,0.7291539,-0.29881573,True
565,-0.93376267,-0.9216422,-0.7509104,True
564,-0.26684642,-0.6991749,-8.530271e-2,True
563,-0.9128711,8.23077e-2,-6.973231e-2,True
562,-0.5936351,0.5165473,0.6760577,True
561,0.72939277,0.7374226,-0.25562108,False
560,8.679509e-2,-8.3375335e-2,-0.4523623,True
559,0.74603546,-0.49497867,-0.52401733,False
558,0.7351668,0.7162781,0.41750157,False
557,-0.8675437,0.8732805,0.80069244,True
556,0.25016248,-0.69292355,-0.10443151,False
555,-0.44025362,-0.22349703,0.5531503,False
554,-0.8633652,-0.69995713,-0.70895445,True
553,0.5591476,-0.4377153,0.20887744,False
552,-0.30703115,2.7307272e-3,-0.6250926,True
551,-0.9425601,0.6931988,4.4476032e-2,True
550,0.8803426,-0.5520967,0.7894523,False
549,0.5638455,-5.107951e-2,-0.3718661,False
548,-7.257569e-2,0.37772155,-0.63709986,True
547,0.55681086,-0.44851375,0.82064784,False
546,-0.14232147,-7.973349e-2,-0.95821,True
545,0.13442624,0.25143254,-1.0458589e-2,False
544,0.62358177,0.52733254,0.9301404,False
543,0.76251996,-0.10539293,-0.28860068,False
542,0.42461598,0.9136828,-0.7159344,True
541,-0.4084456,-0.4850489,-0.5207504,True
540,-6.444144e-2,0.9038807,-0.3090943,True
539,-0.82966757,-0.8891407,1.1448979e-2,True
538,-0.5350162,0.7947891,-0.6493695,True
537,0.97211456,-0.41178346,0.56508887,False
536,-0.36216998,0.7994572,0.2400676,True
535,0.9679501,-8.749652e-2,-0.3848778,False
534,8.951199e-2,0.621987,0.43553138,False
533,-0.6525054,0.2766086,0.7224008,False
532,-0.29645467,-0.91374326,-0.8999561,True
531,0.80189574,0.6473454,0.18876326,False
530,-0.82403505,-0.69770694,-0.37449896,True
529,-0.12581241,-0.19972599,-0.6261265,True
528,0.351151,0.47657847,-0.10283184,False
527,0.3746537,0.7169758,0.45570552,False
526,0.42035925,0.89533806,-1.0430694e-2,False
525,-0.20321345,0.9816966,0.95581293,False
524,0.18812847,0.49378288,-0.49073565,True
523,0.6418278,-0.19208717,-1.9327283e-2,False
522,0.65285885,-4.3061495e-2,0.46214914,False
521,0.3930254,0.30110276,0.5141822,False
520,0.8702079,0.23836815,0.15232706,False
519,-0.6513258,0.96984303,-0.11002636,True
518,0.41549826,0.3116187,0.86848557,False
517,-0.48578942,0.55894876,0.88272834,False
516,9.718418e-3,0.5920372,-0.4395485,True
515,0.34877074,-0.51068246,-0.4179026,False
514,-0.43166196,0.1922245,-7.6410055e-2,True
513,0.8605169,0.37000084,-0.2569517,False
512,0.6776806,0.25496995,0.13295078,False
511,0.45865798,0.43963134,0.22670162,False
510,0.6393473,0.688197,-0.12974453,False
509,-0.8856051,0.98135567,0.6994196,True
508,0.7789149,-0.29579413,-0.4756409,False
507,-0.69434345,0.59899116,-0.19438457,True
506,0.5875251,0.9672924,3.3915043e-2,False
505,-5.9812784e-2,-0.4753878,-0.20113385,True
504,-0.9176587,-0.7574811,0.45409203,True
503,-0.6359998,0.121916294,-0.1561271,True
502,-0.6671071,-0.7940272,-0.107791305,True
501,0.43615448,0.13456202,0.9198104,False
500,0.23594391,3.703773e-2,-0.19886947,False
499,0.5143777,0.13822722,-0.22795641,False
498,0.842744,-0.5048585,9.486973e-2,False
497,-0.49483073,-0.26262307,0.22709715,True
496,0.62140214,0.6749214,-0.12566519,False
495,0.7126421,-9.316182e-2,-5.9705853e-2,False
494,0.6972339,0.8270056,0.12301445,False
493,-0.24115503,0.58809054,-0.42868674,True
492,5.1906228e-2,-0.896695,-0.26814365,True
491,0.27888334,-0.29643774,9.069443e-4,False
490,0.37020695,-0.11530399,-3.7950635e-2,False
489,0.8999243,-0.7022557,-0.9596454,False
488,5.2101612e-2,-0.18194926,0.40192723,False
487,0.8842343,-0.7163266,0.16142952,False
486,-0.8761475,0.60055566,-0.46764302,True
485,0.7134181,0.9210048,0.19208229,False
484,-0.46332562,5.030644e-2,-0.7713536,True
483,3.1901598e-2,1.18073225e-2,-0.10714936,True
482,0.7979051,-0.8508104,-0.12863958,False
481,-0.44626355,6.513584e-2,-0.63615334,True
480,-0.3977697,0.9498378,-0.55193007,True
479,-0.10892677,9.094179e-2,0.8922032,False
478,-0.4333142,-0.42210495,0.8710574,False
477,-0.5178387,0.27556336,0.78340924,False
476,0.14179015,-0.91302097,-0.7586808,True
475,-0.5268644,0.2248609,0.47063148,True
474,0.7346176,0.46687984,0.61305726,False
473,-0.8211731,0.70860004,-0.7493105,True
472,-0.7461791,-0.48709917,0.2639357,True
471,-0.7404499,6.0614467e-2,-0.3072095,True
470,-7.481325e-2,-0.17127013,-0.5068542,True
469,0.68248236,0.1725347,0.99561906,False
468,0.44648933,-0.72370756,-0.47190368,False
467,-0.18515694,0.11585975,0.8383596,False
466,1.8683076e-2,-0.31038964,0.8462441,False
465,0.44836426,-3.3166409e-3,0.9594877,False
464,-0.6801487,-0.5114609,3.9797187e-2,True
463,0.39687502,-0.76906693,-4.765582e-2,False
462,0.9909222,4.164338e-2,-0.41116726,False
461,-0.7605287,0.68313277,-9.7755075e-2,True
460,0.922053,0.9777727,0.907341,False
459,-0.34233224,0.8412647,-0.341766,True
458,-0.99474204,-0.6536124,-0.6193415,True
457,0.12766767,-0.6623199,-0.38531494,True
456,2.0998716e-3,-0.23368609,0.17061019,False
455,0.9444951,0.4636171,-0.7804028,False
454,0.14658487,-0.19148648,-0.78731036,True
453,0.7848836,0.44262314,-4.327619e-2,False
452,7.822192e-2,0.9448868,-0.8062041,True
451,0.23899627,0.2467668,-0.862995,True
450,-5.243051e-2,-0.1974802,0.5750853,False
449,0.11843848,0.31765854,0.9464427,False
448,0.9724462,0.9787351,0.56885993,False
447,-0.5354464,-0.2545364,-0.8762084,True
446,-0.7401562,0.9319515,0.5906123,True
445,-0.39996982,-7.0682764e-2,-0.7791513,True
444,0.18245637,8.100438e-2,0.2694447,False
443,0.73277164,-0.68575025,-0.39098632,False
442,-0.8658011,2.0719767e-3,6.210041e-2,True
441,-5.45907e-3,0.8560997,-1.3154745e-2,True
440,-0.35772252,0.21955562,-0.67459834,True
439,-0.8530673,-1.4777184e-3,0.39073336,True
438,0.6972228,0.14316368,0.50420773,False
437,0.52237296,-0.69035554,0.7972963,False
436,0.13195562,0.46079004,0.5206431,False
435,0.28331637,-0.21111524,0.7845391,False
434,0.832669,0.7633617,0.2923652,False
433,-0.8327302,0.25742424,-0.26415718,True
432,0.10190296,-0.5579952,-0.35733366,True
431,-0.5420685,-0.44674957,-0.31540203,True
430,0.2006526,-0.4339515,0.54094625,False
429,-0.24677551,0.53320456,0.87094796,False
428,-0.35744846,-0.34063363,0.8820332,False
427,-0.94139254,0.6825975,0.3666556,True
426,0.69047976,0.12256384,0.43501782,False
425,-0.7390914,0.76703286,0.50771654,True
424,-0.90870166,-5.776167e-3,0.18459666,True
423,0.73566043,0.91934454,-0.82909536,True
422,0.1475159,-0.44933438,0.21013713,False
421,-0.6163268,0.29987526,-0.5329143,True
420,0.606949,0.4163512,-0.4745971,False
419,-0.3882755,0.7134261,-0.7572154,True
418,-0.12831795,-0.7490295,-0.9182112,True
417,-0.22542608,0.97274244,-0.25228202,True
416,0.90425193,0.6627743,-0.48054278,False
415,0.5439584,-0.94846916,-1.7787457e-2,False
414,-8.2482934e-2,0.3962977,0.25497544,False
413,3.974819e-2,-6.497657e-2,0.7488785,False
412,0.595322,0.4888183,-0.62776756,True
411,-0.7250347,0.1934613,-0.92356455,True
410,6.8026304e-2,-0.5441973,0.83833826,False
409,0.9509784,-0.1352781,0.24369049,False
408,0.5736166,-0.4945017,-0.60075593,False
407,-0.759336,0.5781876,0.35219777,True
406,-0.34960663,1.1890054e-2,-0.67888093,True
405,0.17141616,-2.6232123e-2,-5.1466107e-2,False
404,-0.2630347,-0.49856138,0.32256854,False
403,0.8572701,0.3505423,-0.7881092,False
402,-0.43692708,-0.5835687,-0.43740904,True
401,0.32622278,0.83776593,0.7461593,False
400,0.8078548,0.15026164,-0.54423165,False
399,0.68065155,-0.98365164,-0.161219,False
398,-0.521587,0.6261717,-5.197215e-2,True
397,0.23536074,-0.5985291,0.6368784,False
396,-0.59047496,-0.74729764,0.86073947,False
395,-0.2828784,-0.946748,-0.5628227,True
394,-3.784418e-2,0.7739186,-0.47582746,True
393,0.57700753,0.8397821,0.4831481,False
392,1.443851e-2,0.16412508,-0.6896014,True
391,-0.21149778,0.9581603,-5.6485772e-2,True
390,-0.8457905,5.748129e-2,0.48302948,True
389,0.847545,8.384478e-2,-0.13196933,False
388,0.3236971,-0.40378797,-6.264281e-2,False
387,0.56143725,0.4237051,0.6440333,False
386,-0.32287884,-0.15608847,0.32378602,True
385,-9.807861e-2,-0.46122646,-0.10422492,True
384,0.6255708,-0.9641093,0.96813035,False
383,0.22359693,-0.7012228,0.39489663,False
382,-2.732277e-4,-0.56891453,0.42103732,False
381,0.17622674,-0.34250414,0.7763399,False
380,0.38114548,0.45335293,0.8084339,False
379,0.8621808,0.4132719,0.11303437,False
378,-0.4073602,-0.24854922,-0.38702607,True
377,0.3333192,-0.1724819,0.7095357,False
376,0.91621625,-0.29350507,0.10566163,False
375,0.36120367,0.8970736,0.34021926,False
374,-0.60906494,7.176411e-2,-0.99419606,True
373,0.9319943,-0.9693196,-0.90530586,False
372,0.8730655,0.5550184,-0.12825358,False
371,0.35302734,0.2939936,-0.9971484,True
370,-0.8077792,0.96586025,-0.90224755,True
369,0.83397305,0.71626425,-0.9331713,True
368,0.82013047,0.3044089,0.75998664,False
367,0.4878105,0.5719801,0.42144108,False
366,0.88325775,-8.238828e-2,-0.17347896,False
365,0.73397064,-0.5565752,-0.8711748,True
364,0.89690256,-0.7413943,-0.87576795,False
363,0.53396595,-0.5093124,-0.39923584,False
362,-0.20745885,0.40737903,-0.20750725,True
361,-0.5800215,0.3886459,-0.17225945,True
360,-0.68641496,-0.3604424,-0.44997978,True
359,-0.45794427,-0.5276159,0.9181466,False
358,0.6569954,0.7912859,-0.4675653,False
357,0.13510537,-0.4332695,-1.1641502e-2,False
356,0.95522356,0.20190918,0.8687135,False
355,0.109172225,0.41315007,-0.39334512,True
354,0.7998934,0.17253721,-0.72331905,False
353,-0.5972179,0.27113998,-0.6160495,True
352,0.71531713,-0.49205112,0.28375685,False
351,-0.33627605,0.7647791,0.9260931,False
350,-0.9927412,-0.14511693,-0.62457514,True
349,8.511686e-2,-0.49459565,0.6948321,False
348,-0.4292314,-0.49480772,-0.28479946,True
347,0.6464621,0.7028619,-0.30135393,False
346,5.7170987e-2,-6.0210586e-2,-0.9387857,True
345,0.9510368,-0.46634436,0.79407537,False
344,-0.20802891,-2.5093555e-2,-0.7260138,True
343,0.7065395,-0.5679593,0.5121163,False
342,0.3273822,0.9324473,0.84884274,False
341,0.18901825,0.40153158,0.104421854,False
340,-0.9831003,0.83977973,-0.41446376,True
339,-0.8947506,0.29791868,0.64608276,True
338,-0.66955805,9.22966e-2,-0.18716311,True
337,-0.56207657,0.3038826,-0.16422915,True
336,0.21725452,-3.7659407e-2,-0.6144047,True
335,0.52413404,-0.9984411,0.70257163,False
334,-0.72178006,0.40279746,0.875625,False
333,0.9260378,-0.53042126,-0.70721006,False
332,-0.67883456,6.21891e-3,-0.3392172,True
331,-0.31779957,0.84316075,0.83016753,False
330,5.670917e-2,0.6915661,0.8185817,False
329,-0.31795144,-0.89594984,-4.273939e-2,True
328,0.62645173,0.6550683,0.4144392,False
327,0.48561263,-0.41633797,-0.77071595,True
326,-0.14582646,0.9737456,-0.9602958,True
325,-0.33294654,-2.9709697e-2,0.6569946,False
324,-0.91083395,-0.26910853,0.2545185,True
323,-0.91505814,0.10456097,-3.4071207e-2,True
322,0.5848733,-0.6442243,9.096205e-2,False
321,0.91018677,0.6531539,0.6010549,False
320,-0.3418579,-0.2091763,-0.9795134,True
319,0.6665579,-0.6833004,0.798568,False
318,-0.30926824,0.10869348,0.48541403,False
317,-0.3796482,-0.7959119,-0.14082682,True
316,0.5098934,-0.16233158,-0.39749086,False
315,-1.0485172e-2,-7.302022e-2,-0.7235321,True
314,-0.22070956,-0.90109026,-0.47052944,True
313,0.28041136,-0.15420389,-0.5391201,True
312,0.19935787,0.99343634,0.4455049,False
311,0.32893932,-0.20158136,0.40546882,False
310,0.770833,0.7777473,-0.30656517,False
309,0.4788096,-0.6859633,0.1678884,False
308,0.16231918,-0.15248418,-0.6867832,True
307,-0.8384619,0.7896097,-0.7143568,True
306,0.4794283,0.21378875,-0.21019256,False
305,-0.5310093,0.76847434,-0.8620579,True
304,-0.25554717,0.55900073,0.37904167,False
303,0.3538779,0.64985836,0.7240341,False
302,-0.75391173,0.5869013,-0.77724123,True
301,-0.74690545,0.49328852,-0.86164725,True
300,1.6130209e-3,6.520295e-2,0.4496174,False
299,-0.10558188,-0.18375492,-0.19454873,True
298,-0.16350043,0.1087451,3.7354708e-2,True
297,-0.9229839,0.8663422,6.26868e-2,True
296,8.271909e-2,0.6417421,-0.490124,True
295,-0.6341084,0.6701516,0.9551377,False
294,0.896808,0.99677444,0.49130225,False
293,-0.5316627,0.13980615,0.4254582,True
292,-0.36130595,-0.5240241,-0.64725995,True
291,-0.94029486,-0.2460022,0.32824695,True
290,-0.9993068,-5.2194476e-2,0.42315078,True
289,0.8211889,-0.2458744,0.44660068,False
288,0.69793737,-2.82228e-2,0.55034554,False
287,7.163811e-2,-0.5959405,-0.15466535,True
286,0.9050058,-0.3576051,-0.9313662,False
285,9.861851e-2,0.27260673,-0.239856,True
284,0.9056884,0.74561894,0.28017902,False
283,-0.822996,-0.7204014,-1.0445595e-2,True
282,0.975162,-0.15243495,0.26753056,False
281,-6.054938e-2,-0.28035665,-0.5867226,True
280,0.6230395,-0.32801926,0.40140653,False
279,0.31350887,0.66125727,0.510453,False
278,-0.18594599,-9.114981e-2,-0.44836247,True
277,0.5746274,0.9175558,-0.8436701,True
276,0.29800057,-0.31927204,-0.18087995,False
275,0.8614912,-0.6336024,0.351071,False
274,0.7269393,-0.80674446,0.5025077,False
273,0.17685199,-0.19910955,9.025252e-2,False
272,-0.40246105,-0.9553158,-7.634926e-2,True
271,5.1675797e-2,0.29972863,-0.4160689,True
270,2.367723e-2,-4.0890455e-2,-0.3226472,True
269,0.72432864,-0.5113667,-0.52749205,False
268,-0.29909062,0.5732633,0.93564725,False
267,-0.7073822,0.33934188,-0.29675257,True
266,0.58393586,0.76187754,-0.8555763,True
265,-0.32578945,0.9309412,0.9847615,False
264,0.5707346,-0.23803127,7.756114e-3,False
263,0.7247436,-0.6687635,0.33981073,False
262,5.4322958e-2,0.42465544,-0.51455796,True
261,-7.597804e-2,0.2830168,-0.3445369,True
260,0.7521752,-0.21327078,-0.37669563,False
259,7.383394e-2,-0.3114034,-0.36622643,True
258,0.11725426,-0.94200647,0.4279436,False
257,-0.17367065,-0.6524998,-0.2783847,True
256,-0.69680595,-0.5140277,-0.92714643,True
255,-0.6222137,0.23587513,0.8153744,False
254,-0.9365468,-0.1605227,0.332739,True
253,-0.32075453,5.9119105e-2,0.108302,True
252,-0.6436107,0.8055463,-8.6364865e-2,True
251,0.680436,0.79586256,0.19929385,False
250,0.5613353,0.87370574,-0.2863716,False
249,5.096793e-2,-4.2578578e-2,-0.96691096,True
248,0.8543706,-0.17549944,0.9203459,False
247,-6.484771e-2,0.48800504,-0.82780886,True
246,0.50306034,-0.1827581,-0.47046804,False
245,-0.40983105,0.5689037,0.9874408,False
244,-0.7189857,0.87357223,0.12822223,True
243,0.515445,0.27640724,0.8652353,False
242,0.5557575,0.41991353,0.8992678,False
241,0.254488,-0.3311988,-0.4782685,True
240,0.19064212,-0.12342942,-5.2597642e-2,False
239,0.90095496,0.67993426,-0.67751014,False
238,0.43765438,-0.43651557,0.12131238,False
237,6.5267086e-3,-0.24411273,0.82743883,False
236,-0.27488875,0.8219862,0.26499152,True
235,-0.6689961,-0.70884585,0.20499718,True
234,-0.81004,0.14268172,0.6622852,True
233,0.5939808,0.20042205,0.80669737,False
232,0.23975039,-0.30352187,-0.9541936,True
231,0.8346813,0.15740359,0.35546482,False
230,-0.13083649,0.83895063,0.4159627,False
229,-0.7835555,-0.31317627,0.9460175,False
228,-0.86424387,8.835566e-2,0.9046377,True
227,-0.2888285,0.85139024,-0.35923505,True
226,-0.45221925,-0.5994345,0.38444483,True
225,-0.42297494,0.18040109,-0.37240386,True
224,-4.496634e-2,0.40318298,-0.7211083,True
223,2.718532e-2,7.448375e-2,0.18262362,False
222,-0.1621648,-0.9410044,0.1599338,False
221,-0.7638229,-7.026696e-2,-0.41564143,True
220,0.9508712,-0.98345065,-4.1448116e-2,False
219,1.350081e-2,0.5973872,-0.5731951,True
218,-0.5948868,-0.39090586,9.5169306e-2,True
217,-0.7929661,0.271307,-0.3013438,True
216,-0.14659858,-0.8056376,-0.98946023,True
215,-0.45559764,0.68459296,-3.7938714e-2,True
214,0.43073654,-0.778239,0.847368,False
213,-3.786838e-2,2.2636652e-2,0.5462513,False
212,0.6057397,0.51647234,0.45804548,False
211,-2.6921868e-2,-0.81044114,-0.23014104,True
210,0.539629,4.0385008e-2,0.39328885,False
209,0.907585,-0.37049437,-0.83790934,False
208,-0.16177344,-0.61139715,-0.4355204,True
207,-0.67708397,-0.677588,-0.32688892,True
206,0.2816491,-0.76300466,-0.5799341,True
205,-0.19024622,0.41539133,0.24672186,False
204,-3.6239862e-2,0.47013927,0.8709631,False
203,0.4105612,0.20951831,-0.95664036,True
202,-0.8825531,0.5540924,0.49884105,True
201,-0.88051116,-0.6979357,0.4859966,True
200,-0.35975564,0.9881791,-0.11339307,True
199,0.30488205,-0.35707676,0.20189714,False
198,0.5980978,0.19618833,-0.9608654,True
197,0.31855035,0.92897475,0.85557914,False
196,0.27704346,0.3358947,-0.20186257,False
195,0.9523635,0.8344461,-0.27145994,False
194,-8.6637974e-2,-0.792264,-0.34993482,True
193,-0.5422702,0.71473265,0.4511367,True
192,-0.8899188,0.14131308,-0.48642254,True
191,-0.56634855,-0.15147185,1.8993497e-2,True
190,0.79054046,2.4505854e-3,0.92032933,False
189,-0.8418381,0.42254245,0.8930392,True
188,4.5182824e-2,-0.9009783,0.46789062,False
187,-0.24812388,0.7949295,3.2938004e-2,True
186,0.4950707,0.31976438,-0.69790006,True
185,0.81969774,0.6166611,0.3684832,False
184,0.28313267,0.63575363,0.17300665,False
183,5.4923773e-2,0.9242307,0.9130851,False
182,0.60380375,0.933447,-0.95318055,True
181,-0.883319,0.8591505,-0.38854706,True
180,-0.5155765,0.5625273,0.6782253,False
179,0.33155727,-0.13869703,0.20254433,False
178,-0.7653223,0.3405044,-5.4724336e-2,True
177,-0.8625872,-0.31773114,0.63969874,True
176,0.5968329,-0.9984803,-0.66651,False
175,-0.51002574,0.21770823,0.71312654,False
174,0.8460432,-0.4549582,-0.24752426,False
173,-0.47741222,0.66648877,-0.3145604,True
172,0.3533492,0.29585087,4.8116922e-2,False
171,-0.58495975,0.4624449,-1.840341e-2,True
170,-0.8910301,0.630278,0.8861871,True
169,0.81384075,-0.8042898,0.19577825,False
168,-5.58722e-3,0.63638365,2.6679039e-2,True
167,-0.9997623,-0.316926,-0.7458402,True
166,0.8368485,0.10777354,-0.8807852,False
165,0.49150026,6.85302e-2,-0.45633447,False
164,-1.7187119e-2,-0.9942329,0.24329746,False
163,-0.64571047,-0.80828786,-5.016029e-2,True
162,-0.10146356,4.2357206e-2,0.7696811,False
161,0.9288852,-0.70797694,0.39574397,False
160,-0.6144315,0.5983701,0.39241147,True
159,-0.16019595,0.91952455,0.91896486,False
158,-0.93760586,1.4203191e-2,-0.9297004,True
157,0.5641383,0.38541186,-0.4670961,False
156,0.52748775,-2.1229744e-2,0.82719314,False
155,0.68694127,0.43826127,4.311502e-2,False
154,0.9421921,0.3855083,-0.37865138,False
153,-0.6481873,-0.9224136,0.11895871,True
152,-0.9253943,0.8316424,-0.18792391,True
151,-0.6289408,0.24124086,-0.13395631,True
150,0.4940096,-0.43678284,6.355381e-2,False
149,0.7939563,-0.8146118,0.2829312,False
148,0.9380342,-4.5607448e-2,0.6766273,False
147,-0.7052082,9.636474e-2,0.55473435,True
146,-0.63823664,8.5318446e-2,0.62643516,True
145,-0.2839787,-0.23602474,4.4869065e-2,True
144,-0.58461916,0.15180254,0.4606613,True
143,-0.8278197,0.313707,0.7478931,True
142,0.3430344,-0.80803907,-6.675351e-2,False
141,-0.32385695,2.1044135e-2,-0.8988656,True
140,-0.9895084,0.614527,0.62144244,True
139,0.91676486,-3.168106e-3,-0.7942313,False
138,-0.6985985,-0.41923118,0.27732527,True
137,-0.62238836,-0.522501,-0.849758,True
136,-0.40904248,-0.15146637,0.37294853,True
135,0.27873063,-0.9809648,0.7678218,False
134,0.24166346,0.8649355,0.16848207,False
133,0.7145122,-0.4694587,-1.5496135e-2,False
132,-0.48343182,0.6625526,-3.9033413e-2,True
131,0.36171615,-0.7520864,0.77849245,False
130,-0.7162994,-0.46511292,0.3585987,True
129,0.5566603,0.88054705,-6.2140703e-2,False
128,0.6570252,-2.442503e-2,0.5173179,False
127,-0.72073257,0.4381019,-0.529567,True
126,0.7872131,-0.3040955,0.73360467,False
125,-0.86068714,0.19829094,0.7526157,True
124,-0.5668632,-0.64931536,0.86456954,False
123,-0.3440075,0.28849852,-6.377149e-2,True
122,-0.94098365,0.53040564,-0.9760423,True
121,-0.25101686,-0.8378861,0.34138024,False
120,-0.6171864,0.13194215,-7.782936e-3,True
119,0.6518785,-0.5274341,-0.3876878,False
118,-0.38308775,-0.6497991,-0.64469075,True
117,-3.7372112e-3,-0.4815271,0.7664516,False
116,-0.36854172,0.34032464,-0.54964316,True
115,-0.65448725,1.2472868e-2,0.821591,False
114,-0.6107336,0.44365585,0.7908472,False
113,-0.2250241,7.014704e-2,-0.4953866,True
112,-0.21716964,-0.69241166,0.27476835,False
111,0.78045154,-0.5618491,0.7012578,False
110,-0.78652906,-0.86894906,0.9185214,False
109,0.99286723,-0.25908124,-3.3702493e-2,False
108,-0.27870762,-0.2824328,-0.48962784,True
107,-0.9406872,0.83619857,-0.7316551,True
106,0.14569545,-0.6692102,0.52724814,False
105,0.96977675,0.72884655,0.1397407,False
104,0.47934675,-0.42736363,-0.58523524,True
103,-0.895015,-0.5682026,0.2400577,True
102,8.413124e-2,-0.8518686,0.6515248,False
101,0.31626844,-0.5047872,0.5115622,False
100,0.5322529,0.12291777,-0.46991348,False
99,0.8801756,-0.5859312,-0.9032216,False
98,0.58237886,-0.82663095,0.40140557,False
97,-0.6016425,0.6924331,-6.3387394e-2,True
96,0.8147296,-1.505959e-2,0.9591718,False
95,0.14010537,-0.6735555,0.89714146,False
94,0.91328144,-1.3795376e-2,-0.80247486,False
93,-0.6458323,3.5282254e-2,-0.22422338,True
92,0.19210434,0.17550278,0.9013592,False
91,-0.5549996,-0.5934156,-0.71225953,True
90,0.5569322,-0.75737786,-0.7926941,True
89,0.573882,0.56683457,0.8746146,False
88,8.708656e-2,-0.53716624,0.46516454,False
87,0.25714827,0.10083437,0.23409867,False
86,-0.3574705,-0.6031146,9.655738e-2,True
85,0.9863938,-0.4505124,-9.919751e-2,False
84,-5.2587986e-3,0.33753347,0.40155625,False
83,-0.43296516,-8.770418e-2,-0.62230825,True
82,-0.12550068,-0.9525627,-0.78730285,True
81,0.2694199,-0.681533,0.7316879,False
80,0.15677238,-8.1223965e-2,-0.35348964,True
79,0.12975633,-0.33501303,-0.77614796,True
78,0.8043399,7.933712e-2,0.7077706,False
77,4.7899723e-2,-0.3471297,-6.8733335e-2,False
76,-0.17592251,0.29082167,-0.36103177,True
75,-0.38562286,-0.13626266,-0.8972249,True
74,-0.17186832,-0.8301754,-5.4748416e-2,True
73,-0.6523131,-0.23027802,0.6092547,True
72,0.42104053,-0.89579,0.16362822,False
71,-0.21901989,0.36647248,0.90095806,False
70,0.73203075,-0.47340107,0.98287857,False
69,-0.32697558,-0.9289545,0.9534372,False
68,0.16114724,0.777315,0.6221138,False
67,0.6910076,-0.72325563,-0.9900191,True
66,0.14906776,0.8544023,0.37534738,False
65,0.63573074,-0.71636367,0.633265,False
64,0.23485768,0.96362615,-0.42858434,True
63,0.17537963,-0.6402167,-0.45028722,True
62,-0.25266492,-0.11137056,-0.8249692,True
61,-0.4816928,0.82893276,0.49755085,True
60,0.48698652,0.52745616,0.732919,False
59,0.49380004,0.3375672,-7.712507e-2,False
58,0.3306396,0.4309523,-0.45838296,True
57,0.19409263,-6.6643715e-2,-0.8235462,True
56,-0.41588533,-0.4690951,0.64031374,False
55,-0.2387631,0.26816058,0.9461719,False
54,0.47024405,0.9454906,0.21363556,False
53,-0.95817065,-1.1152983e-2,-0.13352084,True
52,-0.5261613,2.3578167e-2,-0.29114306,True
51,-0.3813342,0.5447619,0.361614,True
50,1.7623544e-2,0.43127584,-0.45356238,True
49,-0.50966144,0.22026932,-0.68333936,True
48,-0.6548183,0.8093797,-0.55436015,True
47,0.51694584,-0.49256432,-0.23275924,False
46,3.72566e-2,-2.3722053e-2,0.86314285,False
45,0.16537285,0.90853,-0.38885617,True
44,0.7047417,0.45864642,-0.55958486,False
43,-0.928084,0.41972983,0.20312071,True
42,-0.22793448,-0.80335987,-8.8674545e-2,True
41,0.28303826,0.30086792,0.14796662,False
40,-0.798725,0.6368102,0.62020504,True
39,-0.2569548,-0.9216901,0.8308222,False
38,3.5243392e-2,-0.13676643,0.9904249,False
37,0.43419576,-0.549762,0.30004835,False
36,-0.2131126,0.7215347,0.6024121,False
35,-0.6417401,-0.5829483,-0.68600225,True
34,0.80628705,-0.71427906,-0.5080948,False
33,0.20195472,0.89035857,-0.32917917,True
32,0.15047896,8.279562e-2,-0.96900094,True
31,0.21175992,-7.4756026e-2,0.41857326,False
30,-7.803941e-2,-0.19480908,-0.2347014,True
29,-7.4638724e-2,-9.918189e-2,-0.43238306,True
28,6.1808586e-2,8.321476e-2,0.9966048,False
27,-0.777418,-0.53359437,9.961116e-2,True
26,-0.2827561,-0.26617527,4.3614745e-2,True
25,0.45313156,0.23984385,-5.79468e-2,False
24,-0.1460067,-0.95140207,-0.66315186,True
23,-0.9828303,0.5818496,-0.43763137,True
22,-0.19748354,0.77718794,-0.50235665,True
21,-0.45994353,-0.75928605,-0.9943414,True
20,-0.26466322,0.93826914,-0.15032709,True
19,-0.971159,-0.7773311,0.759727,True
18,-5.895734e-2,7.726288e-2,0.60016406,False
17,0.31992102,-0.4675945,0.6872107,False
16,-0.6668142,0.39120066,-0.95575786,True
15,0.18167627,0.6354686,-0.9880333,True
14,-0.2240634,0.34611452,-0.39301026,True
13,0.8810322,0.6810397,0.84126675,False
12,-0.43997252,0.9582331,0.169837,True
11,-0.35719287,-0.5489825,-0.40913224,True
10,0.72202885,0.9477675,-0.65475726,False
9,-0.16731167,0.50079954,-0.97854567,True
8,0.7822981,0.82579136,0.5902835,False
7,0.32016957,0.6559695,0.16427922,False
6,-0.17964995,-0.8794967,0.44338882,False
5,-0.33611858,0.90675807,0.34314525,True
4,0.55876005,-0.3141892,6.275344e-2,False
3,0.95880127,-0.45886385,0.4115572,False
2,-0.33402586,-5.749345e-3,-0.75698125,True
1,-0.25855732,-0.24347293,-0.8672011,True
0,-0.35359037,-0.3749888,-0.512149,True
