Training Set:
-0.9532832,0.29893076,-0.15998816,True
-0.77902174,0.19305122,-0.8504468,False
0.80387354,-0.2748586,-0.11689103,False
-0.9841205,0.48770452,0.15975022,True
-0.6135535,-0.89731634,-0.99407566,False
0.9803909,-0.525383,-0.19165647,False
0.78008354,0.47906792,-0.68424416,False
0.33224964,-0.33960974,0.9839711,True
0.67343724,0.9373727,-0.8520678,False
0.8290626,-0.8931515,0.94245017,True
0.91520464,0.6787771,-0.9583278,False
-0.49324703,-0.84414995,0.68417966,True
-6.513202e-2,-0.50667775,0.79807127,True
0.58062446,0.52304935,-0.44863057,False
0.7315626,-7.196486e-2,0.55200696,True
0.38023174,0.36420512,-0.887854,False
4.320824e-2,0.60645235,4.7664523e-2,True
0.5474647,0.8776711,-0.6032475,False
0.47815382,0.58766913,0.9348488,True
-0.33818686,0.413494,0.5510081,True
Model: ([-0.17426145,0.105879545,0.69045866],0.0)
Training: 1.0
Test: 0.95
Generalization Error: 5.0000000000000044e-2
