999,-0.4039849,0.54310334,-0.48894274,False
998,-0.5152767,-0.8218509,-0.25787055,True
997,-0.39172184,0.12713206,-0.73654485,False
996,0.8457587,-0.4970963,0.4316194,True
995,0.20580626,0.969852,-0.51533353,False
994,0.86295974,0.89447176,-0.974293,False
993,-0.44843495,0.21284914,0.1331948,True
992,-0.29406226,-0.3983432,0.8245404,True
991,-0.90368545,0.38301575,0.89147353,True
990,-0.5990113,-0.9653666,0.6047412,True
989,0.9854845,-2.7832389e-2,0.21324873,False
988,0.39266455,0.79984426,-0.11585283,False
987,0.79876935,0.78533185,-0.27880192,False
986,0.3138305,-0.7740545,-0.59274876,False
985,0.614347,0.7541431,0.3864442,False
984,0.80877125,-0.35371506,0.9519675,True
983,-0.639065,-0.85262644,-0.8165436,True
982,0.3134079,-0.5893836,-0.5957445,False
981,-0.48343217,-0.3294946,0.815212,True
980,0.7660122,0.9669297,0.15198338,False
979,-0.31109,-0.6957512,-0.14310133,True
978,0.1977191,-0.15288949,-0.5486975,False
977,-0.20630288,-9.6345305e-2,-0.33189833,False
976,0.88538873,0.8871851,-0.57331884,False
975,0.99493563,0.8369398,0.39126945,False
974,-0.3000095,0.23315132,0.8091898,True
973,0.9684017,7.6392174e-2,-0.3921063,False
972,-0.6853032,0.7277355,-0.6533972,False
971,0.16029596,-0.8618882,-0.7393042,False
970,0.7739073,-9.8614454e-2,-9.43892e-2,False
969,0.8786229,-0.6440128,0.47543347,True
968,-0.22545946,-0.99052024,-0.8596046,False
967,-0.6276791,0.17190313,0.111792564,True
966,-0.6755661,0.4308461,0.7503344,True
965,0.6014997,-0.33088458,-0.6292441,False
964,0.19456017,0.9179585,-0.86720574,False
963,0.1819539,0.99747694,0.6895716,False
962,-0.3973161,0.31108713,0.6834023,True
961,-3.8683176e-2,-0.5597774,0.48268867,True
960,0.14449012,0.73637104,-3.477156e-2,False
959,0.70576155,0.5343511,-0.8673035,False
958,0.30147398,0.20435941,0.74310505,True
957,0.5709932,-0.94461846,0.2665274,True
956,3.7579298e-2,0.5473081,0.69569886,True
955,-8.177626e-2,-0.22760308,2.446282e-2,True
954,0.48602772,-0.58557916,0.8222463,True
953,-0.5734278,0.53984106,0.55850697,True
952,0.7664459,0.9971137,0.9176264,False
951,-0.67456746,0.8128289,-0.81890726,False
950,-0.6152992,0.6345234,-0.5488608,False
949,0.20493412,-0.24402595,-0.6991916,False
948,0.7421675,2.052486e-2,0.34603655,False
947,0.2608298,-0.5214205,-0.68870413,False
946,-0.8066926,0.782565,-0.5163518,False
945,0.37662137,-0.2579887,-0.537303,False
944,0.21146894,0.94089687,-0.604511,False
943,0.7659764,0.6427423,0.82260025,True
942,0.44279933,0.32250655,-0.9614345,False
941,-0.22107184,0.80000556,0.6779995,True
940,0.14766657,0.64310265,-0.49699485,False
939,-0.77587676,0.8131745,-0.742573,False
938,0.87079895,0.834069,-0.67570746,False
937,-0.8915409,0.28605533,0.6205466,True
936,-0.96696484,0.27204227,0.982558,True
935,-0.35513675,-0.4884206,-0.58737373,False
934,0.98711324,-0.80854416,0.5505675,True
933,0.8008479,0.8352426,-0.33105958,False
932,-0.47514856,0.32258952,-0.9601432,False
931,0.8163245,-0.40537488,-1.2132525e-2,False
930,0.13245642,-0.11293709,0.7181257,True
929,0.28506255,0.110471845,-0.7099724,False
928,-6.4224005e-2,0.5395601,-0.6142602,False
927,-0.44873226,0.95897424,-0.99302137,False
926,0.80620205,-0.6128386,-0.8306606,False
925,-0.21404183,7.861698e-2,-0.1569637,False
924,-0.82969797,0.2803011,-0.8918824,False
923,-0.32297528,0.7824534,0.8630179,True
922,-0.33878553,0.57335854,-0.21946132,False
921,-0.5835725,-0.8745034,0.9153644,True
920,1.9533277e-2,-0.9552461,0.2594403,True
919,-0.647261,-0.79633117,-0.82128143,False
918,-0.2694788,0.5753591,-0.41877246,False
917,-0.19924772,0.13503194,-0.5308957,False
916,0.49073803,-0.3123933,0.20027018,True
915,0.46456575,-5.798602e-2,-0.68240464,False
914,0.25471532,0.52492666,0.2182312,False
913,-0.14167953,-0.15611899,-0.9001998,False
912,0.64484954,-0.6769458,8.593202e-2,True
911,-2.5700212e-2,-0.24836755,-0.12697446,True
910,8.7690115e-2,0.5518209,-0.52022946,False
909,0.31441665,-0.34269106,-8.8544846e-2,False
908,-0.53006864,0.35335183,0.7227657,True
907,-0.38608372,-0.28068352,-0.91692233,False
906,0.62750244,-0.5326426,-0.35686255,False
905,-0.70520735,0.57759726,0.9494661,True
904,0.19556117,-0.87839496,-0.89058125,False
903,0.7333962,0.6795428,2.6090026e-2,False
902,-0.41905737,-0.806201,-0.37342167,True
901,0.7375891,-0.5137553,-0.9597318,False
900,5.107081e-2,-0.2224741,-0.31083035,False
899,0.60302746,0.6872561,0.7298362,True
898,1.8364787e-2,-0.42482483,0.5748066,True
897,0.68319273,-0.69402254,0.9516094,True
896,-0.52485037,-0.23312461,-0.42582357,False
895,-0.69272673,-0.87807107,-6.4915776e-2,True
894,8.847511e-2,-0.48699343,0.9494935,True
893,-0.62875736,-0.36788476,0.14094949,True
892,0.70112216,-0.8743961,-0.40167534,False
891,0.45688188,0.68697214,-0.609926,False
890,5.0641775e-2,0.22728133,6.0675383e-2,False
889,-0.45554686,0.19272971,-0.16084039,False
888,-0.72286093,-0.42054582,-0.22994828,True
887,-0.5585612,6.665075e-2,0.92851484,True
886,-0.96901035,0.28523946,-0.7918041,False
885,-7.029116e-2,0.5007808,0.20264924,False
884,-0.20411992,0.45998156,0.9142667,True
883,7.6438665e-2,-2.5743246e-2,-0.19974172,False
882,-0.15552866,0.4178748,3.5590768e-2,False
881,0.9266175,-0.24117172,0.1413163,False
880,0.9231112,-0.5609194,-0.103349686,False
879,0.96007824,0.5628743,0.8785852,True
878,-0.72915065,-1.5633702e-2,0.48941123,True
877,0.62850773,-0.45471156,0.73554695,True
876,-7.2830915e-2,-0.1651802,-0.60657334,False
875,0.7034254,-0.2674098,-2.7361393e-2,False
874,0.949847,-0.20481777,-1.6522765e-2,False
873,-0.56272304,-0.726812,0.9237944,True
872,-0.31369746,-0.6068609,-0.4670782,True
871,0.4069252,-0.3805405,-0.53120303,False
870,0.88779485,5.435407e-2,-0.63706553,False
869,0.8015586,2.479124e-2,-0.23446858,False
868,0.24502921,-0.929759,0.7112788,True
867,-0.47017622,-0.18157864,0.41498697,True
866,-0.5279373,-0.39378834,0.40374196,True
865,-0.68963957,-0.9872179,-0.16005695,True
864,-3.60291e-2,-0.8987814,-2.5999784e-2,True
863,-0.7628566,0.57921064,0.7203666,True
862,0.67484474,0.81520164,0.80635655,False
861,-0.44118536,-0.90569913,-0.17746758,True
860,-0.3761351,0.18345511,0.62847257,True
859,0.29387546,-0.3310312,0.12517905,True
858,0.2804823,0.46449888,0.52971303,True
857,0.21278512,-0.2877221,0.5437784,True
856,-0.21724844,-0.95399725,-0.35170388,True
855,0.7412846,-0.67554975,-0.5619948,False
854,-0.7264874,-0.99429,-0.17705667,True
853,0.8723743,-0.9017364,0.47096884,True
852,-0.16510391,0.44711864,0.94803035,True
851,0.75061643,-0.7464547,-0.9270927,False
850,-0.64848983,0.68601096,0.88962626,True
849,0.81895673,0.7738937,0.8849549,True
848,-0.58267343,-9.915817e-2,0.52457166,True
847,-0.8207326,0.29988885,0.9347069,True
846,-0.13032722,0.13533771,-0.47629,False
845,0.4175551,-0.4596604,0.5749705,True
844,-0.9823483,-0.23138475,0.85781085,True
843,-0.938511,-0.9103801,-0.33725023,True
842,5.7178855e-2,0.9159025,-0.9260731,False
841,4.8321605e-2,-0.94691074,0.57745826,True
840,-6.56153e-2,-0.48652756,0.30698967,True
839,0.66078055,-0.56758606,0.6899735,True
838,-0.9072814,-9.364963e-3,-0.58944976,False
837,0.82920504,-0.37019086,-1.9162178e-2,False
836,4.878688e-2,0.7270298,-0.2960031,False
835,0.23095918,0.17105627,-0.5244037,False
834,-0.62626696,-0.4961233,0.6260592,True
833,-4.6117425e-2,0.567546,-0.18901777,False
832,0.31442332,-0.3736663,0.69756377,True
831,0.12356758,0.1845491,0.12752163,False
830,0.344895,0.5248215,0.9811865,True
829,-0.31564283,0.67155135,-0.94212615,False
828,0.11962509,0.76925075,5.2325726e-2,False
827,0.64334,0.3576572,-0.83181906,False
826,-0.21482873,0.13220096,-0.8922707,False
825,-0.16786754,0.372172,-0.5098858,False
824,0.2667731,-0.68145204,0.2820251,True
823,-0.83336306,-1.487112e-2,0.7010095,True
822,-0.8779576,-0.37641084,0.83095956,True
821,-0.7749989,-0.41480958,-0.67457414,False
820,0.87311375,-0.2984023,0.3799808,True
819,-0.7740499,-0.949481,0.2993276,True
818,-0.599697,0.4314412,-0.92843425,False
817,-0.30200446,0.111732125,0.82818425,True
816,0.27539957,0.52897596,-0.9558834,False
815,-0.62419665,0.66200876,-0.78347576,False
814,-8.296132e-3,3.2622814e-3,-0.3720374,False
813,0.24253428,-0.3809265,6.6173196e-2,True
812,0.37616837,-0.73560727,0.24696136,True
811,0.13874876,0.17512071,-0.9677142,False
810,0.15628207,0.45660818,-0.41421592,False
809,0.4746939,0.21344745,-0.5920367,False
808,0.5292822,8.67995e-2,0.513114,True
807,0.77537096,0.96457493,-0.40249348,False
806,-1.1073351e-3,-0.29084325,0.99898136,True
805,-0.75631475,8.935416e-2,0.78770804,True
804,-0.2899785,0.94155025,0.20398378,False
803,-0.46086514,2.0579576e-2,-0.7768117,False
802,-0.3005396,-0.8149438,0.7652266,True
801,0.54228985,-0.681497,-0.9290744,False
800,0.47065783,-0.78866065,-0.9595777,False
799,-0.8268919,-0.80568695,0.675666,True
798,-8.740103e-2,0.8091767,-0.8013226,False
797,-0.58947945,-0.2289275,-0.9011618,False
796,-0.75126636,-0.3837837,0.89607155,True
795,-0.6017376,0.8306532,-9.660745e-2,False
794,0.18039644,-0.40138447,0.26236606,True
793,-0.6549517,-0.6448109,0.25329876,True
792,0.7129977,-0.6679901,-0.45720708,False
791,-0.1407224,0.6412798,0.13932788,False
790,-3.821361e-2,-0.12600625,0.1376915,True
789,0.80937886,-0.655463,-0.65064275,False
788,0.79238653,1.2545586e-3,0.8328935,True
787,-0.38329363,-0.64551616,0.78542304,True
786,0.5489,-0.3097726,0.23008597,True
785,0.30739224,0.523054,-0.629652,False
784,-0.909631,0.7567321,-0.22373354,False
783,-0.3940668,0.12286019,-5.4781437e-2,True
782,-0.4816805,-0.7359252,0.32119024,True
781,-0.85359,-4.7675252e-2,-0.49195695,False
780,0.21283293,-0.55610454,8.883214e-2,True
779,-0.8042381,0.8482785,0.15171754,False
778,6.5428734e-2,-0.8490225,-0.6420492,False
777,0.9669635,-0.6436964,0.57394695,True
776,-0.54228497,-8.414531e-2,-0.9675493,False
775,-0.9356636,0.943267,0.38623595,True
774,-0.3281113,0.8442459,0.12640584,False
773,0.13848877,-0.5557244,0.54203486,True
772,-0.25938308,-3.483534e-2,-8.471668e-2,True
771,0.7744129,0.54702353,-0.9486307,False
770,0.6411177,-0.74019325,0.31708384,True
769,-0.25341737,-0.5279982,0.74748635,True
768,4.0718794e-2,0.3971405,-0.6695019,False
767,0.167683,0.24406481,-0.48377037,False
766,0.6465348,0.5574261,0.9194648,True
765,3.4904838e-2,0.6342511,-0.12070882,False
764,-0.6271095,-0.9242867,0.16296518,True
763,-0.9919199,-0.16217816,-3.7335873e-2,True
762,-0.7605932,0.9053565,4.2160988e-2,False
761,-0.97649884,-0.5128046,-0.58417714,True
760,-0.40756893,0.3947873,0.82219315,True
759,4.5752525e-2,-0.2863052,-0.9647654,False
758,0.9604988,0.7971413,0.9148395,False
757,-0.42180836,-0.46154845,-0.1836443,True
756,-7.554352e-2,-0.47300768,-0.5007324,False
755,0.9690105,-7.7981114e-2,-0.8195046,False
754,0.260736,0.13565683,-0.45005548,False
753,-0.80463994,0.80168796,2.909112e-2,False
752,-0.6431744,0.8607023,0.4294771,True
751,0.5928974,-0.5905367,-0.5748701,False
750,0.7511313,0.54019105,0.9003581,True
749,3.4005284e-2,0.34227097,0.9249809,True
748,-0.31063628,-0.10395396,-0.3223871,False
747,-0.76028156,0.41145396,-0.5282986,False
746,0.82526815,0.96183836,3.1103015e-2,False
745,0.9732094,-0.94273555,-0.35134053,False
744,-0.75636065,-2.357471e-2,-0.878026,False
743,-0.27656436,0.71737885,0.32530713,False
742,0.5426233,-0.4174024,0.91507006,True
741,-0.8102312,0.5645895,-0.9006089,False
740,-0.11915362,-0.770612,-0.19757032,True
739,-0.31074202,0.85461867,-0.6112411,False
738,1.7135143e-2,-0.93202233,-0.9478235,False
737,9.6215606e-2,0.10943842,0.6239642,True
736,-0.7200718,-0.848168,0.28196657,True
735,0.43208873,-0.51594543,0.1343745,True
734,0.15157819,0.8747841,-0.92506754,False
733,-0.13199079,-0.7947459,0.5658828,True
732,-0.10904336,6.362176e-2,0.8423319,True
731,-6.065941e-2,0.80566883,-0.63756037,False
730,0.3310579,0.20343924,0.9989666,True
729,0.65708447,0.61156213,-0.44193769,False
728,0.24705482,0.47978282,-0.32365227,False
727,0.98254955,-0.28762972,0.46633184,True
726,0.92717814,-0.12070727,-0.15502799,False
725,0.51193523,0.7756405,0.8049141,True
724,0.16930985,-0.6426791,0.57935095,True
723,0.2199111,-0.9681641,0.3056655,True
722,-0.80921507,-0.44080842,-0.8175098,False
721,-0.86293364,-0.13649058,-0.893505,False
720,-0.6309893,-0.67410135,-0.58576596,True
719,0.1441561,-0.10083616,-0.25043845,False
718,-0.48190534,-0.5309751,-0.5269426,True
717,-0.6222856,-0.19482231,0.8750485,True
716,0.7502451,0.3217014,-0.17865229,False
715,-0.8304949,0.54467595,0.80112135,True
714,0.8607323,0.7603253,-1.0926247e-2,False
713,-0.3305776,0.32294607,-0.10869503,False
712,-0.39047372,0.32970214,-0.9405515,False
711,0.9042455,5.0847292e-2,-0.6874716,False
710,0.24864435,-0.9456533,-0.8117902,False
709,-0.78833973,0.4949968,3.830111e-2,True
708,0.120658755,-0.6857351,0.18437433,True
707,-0.87720966,8.2778215e-2,0.12581944,True
706,0.6751939,-0.32375896,-0.27916932,False
705,1.7457366e-2,0.21976554,0.70645654,True
704,-0.24006748,-6.307948e-2,0.8040807,True
703,6.1262727e-2,0.97194445,-7.438743e-2,False
702,9.733808e-2,-0.7355864,7.702887e-2,True
701,-0.48036408,-5.932772e-2,-0.110143065,True
700,0.9909961,0.38916874,0.32523918,False
699,-0.53952825,-0.1415304,-0.99044895,False
698,-0.74484456,-0.34145725,0.44158375,True
697,-0.9623039,-0.6858152,0.4713955,True
696,0.65396357,0.63557684,-0.8688481,False
695,0.1233356,8.245528e-2,4.506433e-2,False
694,-0.31304014,0.37465155,0.43434536,True
693,0.30187142,0.86285794,0.7903006,True
692,-0.538092,0.5821483,-0.36502624,False
691,0.5160717,-0.72192,-0.1611681,True
690,-0.76032937,6.485593e-2,-0.22900534,True
689,0.91374135,0.6984732,0.24977183,False
688,0.6338693,0.5247278,-0.7673578,False
687,-0.45437908,-0.77322495,0.5526947,True
686,-0.1680851,0.88824654,0.38885272,False
685,9.90665e-3,-8.770883e-2,0.38484883,True
684,-0.6233052,0.17850077,0.32279694,True
683,0.878034,-0.39214325,-0.7454095,False
682,0.5460081,0.75309336,0.7210864,False
681,0.4852383,0.5233456,0.41312313,False
680,-0.6886152,0.91105103,-0.20641482,False
679,-0.4632758,-0.126979,0.11765385,True
678,-0.7925421,-0.11647475,0.853122,True
677,-0.973693,0.13897705,0.10006356,True
676,0.86600566,1.8605828e-2,1.9420147e-2,False
675,-0.3793887,-0.5091505,0.32290745,True
674,0.8985287,-0.85960615,-0.782042,False
673,0.4933207,-0.18289578,5.190015e-2,False
672,0.12434828,-0.7934686,-0.9046819,False
671,-0.22786403,-0.43995154,-3.9655924e-2,True
670,-0.6474023,0.9102315,7.454264e-2,False
669,-0.6222389,-0.81658316,0.111679554,True
668,-0.23805344,0.2696103,0.420156,True
667,-0.35743868,-0.14870822,-3.284657e-2,True
666,0.52031267,0.29483676,0.13765514,False
665,0.4546008,-0.4521674,0.61070585,True
664,-0.9391185,-0.67821705,-0.3946035,True
663,0.4990946,-6.863332e-2,0.383479,True
662,-0.81581974,0.93826544,0.30645835,True
661,0.10478091,0.3025595,-0.12583768,False
660,0.7561072,0.9484762,-0.20899427,False
659,-0.42588246,-6.307471e-2,-0.332803,False
658,-9.171641e-2,-0.69812644,0.68359375,True
657,-0.32700968,-0.34256244,-0.64108896,False
656,-0.5284623,-0.2599485,0.13425124,True
655,-0.25916195,-0.3196354,0.24189162,True
654,-0.4519143,0.88454235,0.23068857,False
653,0.88219225,9.1437936e-2,-0.6187751,False
652,-0.8397305,0.56755483,-0.8932657,False
651,-0.3492266,0.7917386,-0.69739926,False
650,0.4158337,0.4337319,-0.35645366,False
649,0.3146428,0.2537316,0.32736146,True
648,0.2335372,-0.7905066,0.7764355,True
647,-0.11661756,6.438446e-2,-0.79345536,False
646,0.5521841,0.7901639,-0.37324023,False
645,-0.51567197,-0.7220733,0.23678553,True
644,0.38055634,0.6811619,-0.68798864,False
643,0.21678352,0.3154738,-0.9311484,False
642,-0.8428149,-0.20582151,0.8068135,True
641,0.28863573,0.7702794,0.89787996,True
640,0.20805204,0.99609685,-0.9274522,False
639,0.16791928,-0.2588259,-0.8801156,False
638,0.8500192,0.9871136,0.9347615,False
637,-0.123238444,-0.85678446,0.7575928,True
636,0.8140861,9.316492e-2,0.52066684,True
635,0.5235312,-0.9463984,-0.6804433,False
634,0.405738,0.47227395,-0.4054377,False
633,-0.2943008,0.90199685,0.10000324,False
632,0.6962743,0.108227015,0.87994313,True
631,0.36253798,-0.5778438,0.11680579,True
630,-0.5565181,0.13977087,0.21846998,True
629,0.29052937,3.250742e-2,-0.66406167,False
628,-3.673017e-2,0.28147972,0.13502467,False
627,-0.21823859,0.90605164,0.91229033,True
626,0.4707662,0.2623434,2.07026e-2,False
625,0.5828607,-0.105944276,-0.35709143,False
624,-3.52695e-2,0.5166328,-8.578384e-2,False
623,0.58764577,-0.8647033,0.82573307,True
622,-0.9048474,-0.5646033,-0.62459147,True
621,0.7191826,-0.29670274,0.17168057,True
620,-0.8099656,0.1258254,0.22532415,True
619,-0.3502928,-0.44768775,-0.1870755,True
618,-0.17389584,0.26162922,-0.8757268,False
617,-0.55188096,-0.22884548,-0.16188967,True
616,0.77747035,0.28765905,0.17520213,False
615,0.96970844,0.57226515,-0.7904823,False
614,-0.6132287,0.34878385,-2.5734782e-2,True
613,0.3401698,-0.6212158,-3.141558e-2,True
612,8.193362e-2,-0.78393674,-0.574347,False
611,-0.33819175,0.9963281,-0.9522326,False
610,-0.5471587,0.57302,-0.38714015,False
609,-0.79702806,0.54069436,-0.2349931,False
608,-9.13986e-2,0.75822175,-0.62572944,False
607,-0.19770765,-0.8696351,0.81958544,True
606,-2.2554636e-2,0.57750773,0.7924111,True
605,0.84352314,0.7533041,-0.38424313,False
604,0.15122092,-0.7824156,0.50579107,True
603,-0.13648951,0.5080502,0.29211974,True
602,0.8205515,7.701957e-2,-0.2945752,False
601,-0.79914033,-0.68665636,0.60342836,True
600,-0.86365664,-0.547817,0.180022,True
599,0.5984256,-0.6575413,-0.84300256,False
598,0.4506594,-0.47237194,0.93557084,True
597,2.4441004e-2,-8.295488e-2,0.5732292,True
596,0.8690804,0.6867471,0.8988447,True
595,0.9699284,-3.6465406e-2,0.105734706,False
594,-0.11935103,0.41060567,-0.922122,False
593,-0.25440013,-0.86064446,-0.20729673,True
592,0.80813503,-0.40441585,0.21988738,True
591,0.51781774,0.90446365,-0.87169635,False
590,-0.24884307,0.37231874,-0.1211313,False
589,-0.25834394,0.55363846,-0.32604682,False
588,-0.54976404,-0.15716124,0.76215184,True
587,0.65273106,0.30403602,0.7904053,True
586,0.108077645,-0.6138216,-0.6595597,False
585,0.483482,-0.8486972,0.38663304,True
584,0.35544276,0.49331975,0.18438852,False
583,-0.69170153,0.32017326,8.647215e-2,True
582,-0.2179805,0.9642612,-3.6325455e-3,False
581,0.60299313,0.25892293,8.808887e-2,False
580,-0.2867446,0.7820686,-0.6031915,False
579,0.38959563,-0.8919401,-0.16257942,True
578,-0.8119432,-2.8890014e-2,0.5566621,True
577,0.43579543,0.68187046,-0.19874275,False
576,-0.7230159,0.19583976,-0.65984917,False
575,-0.56495214,0.7370753,0.22516811,True
574,-6.461954e-2,0.63855267,0.14825082,False
573,-0.1878376,-6.66368e-2,-0.7035426,False
572,-0.7644135,-0.116838455,0.38925135,True
571,1.6458154e-2,3.698218e-2,0.53372324,True
570,-0.6408068,5.58244e-2,-0.896086,False
569,0.14738119,0.28439307,-0.10973215,False
568,0.74859595,-2.6349306e-2,-0.94182754,False
567,-0.37189043,-0.82183063,0.5351975,True
566,0.84890866,-0.23956704,-0.64788973,False
565,0.8293234,-0.719133,0.90862846,True
564,-0.10883808,-0.7162812,0.23432052,True
563,0.8461504,-0.98994374,-0.7912252,False
562,-0.8081217,0.8295394,-0.54316413,False
561,0.15471935,0.5651448,0.36349964,False
560,0.23349941,-0.7971691,-0.99839365,False
559,-0.6481073,-0.41809666,0.17144811,True
558,-0.36395442,0.68732667,-0.204481,False
557,-0.85001934,-0.34594917,0.6327647,True
556,-0.8251494,0.2768221,-0.8964112,False
555,0.67095983,-8.183181e-2,-0.73157537,False
554,0.27890205,-0.46145844,-0.9609258,False
553,-0.7510315,-0.65339565,8.938789e-2,True
552,-0.3494439,-0.43721426,0.51239204,True
551,-0.6520921,-0.5281025,0.54951394,True
550,0.94696915,3.211367e-2,0.7341356,True
549,0.8171551,-0.75063956,-0.3296801,False
548,-0.65329814,-0.6359105,0.8130301,True
547,0.49134266,0.37295794,-0.9463786,False
546,-0.88097835,0.9421351,0.16836572,False
545,-0.47137022,0.29702353,-5.0770044e-3,True
544,-0.87938726,0.2886374,0.792616,True
543,0.26122987,0.90223324,-0.25748956,False
542,0.5813296,0.54929495,0.9224466,True
541,-0.97487605,0.39468265,-0.8952416,False
540,0.8175343,0.86551523,-0.6872636,False
539,0.5372927,-0.2704023,-0.1772834,False
538,4.109764e-2,0.4963249,7.843232e-2,False
537,0.20080602,0.40798283,0.3825394,True
536,-0.2149756,0.9609091,4.7790408e-2,False
535,-0.7378906,-6.315279e-2,-0.9026972,False
534,0.32585633,0.2657479,0.83369565,True
533,-0.8018508,0.8793694,0.70041096,True
532,0.69863784,0.721642,-0.117293715,False
531,0.8134104,0.29558504,0.31191945,False
530,-0.39413404,0.93062186,0.22365046,False
529,0.4759996,-0.96172285,-0.7369076,False
528,-0.37414587,-0.19320321,-0.79623616,False
527,-0.1799475,-2.1112919e-2,-0.9089916,False
526,0.865373,0.9920964,0.4851849,False
525,0.4505931,-0.54034185,-0.1622318,False
524,-0.2768358,0.2935624,-0.62141013,False
523,0.29214025,0.3550893,0.37212324,True
522,-0.7753135,-0.36465955,-0.6583513,False
521,-0.6911205,-0.6884345,0.2874534,True
520,-0.20140421,-7.35116e-2,-0.72066736,False
519,-0.58465624,0.5024618,-0.9434241,False
518,-0.34317422,-0.6792748,0.5057514,True
517,0.34754205,0.9184927,-0.89445853,False
516,5.2865744e-3,0.91983545,-0.27437615,False
515,0.2893703,0.46801424,0.80670416,True
514,-0.9044013,-0.13963234,0.13769853,True
513,0.99981713,-0.6689451,0.91496575,True
512,-0.7957907,0.115617156,-1.7187595e-2,True
511,0.2907697,-0.73996603,0.44881368,True
510,-0.5408406,0.45093882,-0.18239188,False
509,-0.42361212,0.6782769,-4.8140287e-2,False
508,7.897639e-2,-0.89389086,-0.75325966,False
507,0.6865591,-0.12504995,0.23848069,True
506,-0.15500152,-0.8399929,-0.4405049,True
505,0.27805495,-0.69862235,-0.88424027,False
504,0.4599712,-0.55184734,0.33429527,True
503,-0.83524764,0.6906694,-0.42560577,False
502,0.9184387,-0.88558733,-0.7877232,False
501,-0.76398396,0.2400546,0.3386395,True
500,0.4378023,5.73771e-2,-0.27401507,False
499,-0.3956914,-0.5766183,-0.5667088,False
498,0.8899995,2.7170897e-2,0.9842764,True
497,0.91274023,0.57603955,1.8757582e-2,False
496,-0.9855343,0.5377264,-0.11293125,False
495,-9.9344015e-2,-9.273136e-2,-6.699419e-2,True
494,-0.6967075,-0.63531995,0.59750795,True
493,0.63148355,0.47220755,0.38753533,False
492,3.9216995e-2,-4.3450832e-2,-0.13892269,False
491,-0.44354272,0.26187885,0.79849184,True
490,0.543771,-0.5788772,0.62187386,True
489,0.85548913,0.92160463,-0.49763966,False
488,-0.56173277,0.7456162,-6.839001e-2,False
487,0.72035074,0.89941907,-0.11914837,False
486,-0.34070277,-0.14487433,-0.9832604,False
485,0.39174032,-0.14767802,0.93298197,True
484,-0.38113892,-0.45286167,-0.75054944,False
483,0.94883823,0.89039826,-0.5787983,False
482,-1.4429808e-2,0.22803295,0.7184578,True
481,0.96232975,-0.35305583,-0.15126479,False
480,0.51174283,-0.5637957,0.58143914,True
479,-0.23394382,0.7711992,0.9887538,True
478,-0.9600668,0.8328451,8.166361e-2,False
477,0.736992,0.540185,-0.83506644,False
476,-2.0463943e-2,8.3229184e-2,-0.94943047,False
475,0.18469274,-0.8742832,-0.4861343,False
474,-0.5984659,-0.707219,0.49353957,True
473,-0.84037244,-0.5146941,-0.55375826,True
472,0.7220175,0.14044607,0.9535793,True
471,0.2227925,0.8780093,0.9878683,True
470,-1.3173938e-2,0.9943197,-0.39963472,False
469,-0.35233998,-0.5489204,-0.8399012,False
468,-0.8085991,-0.14959192,9.758234e-3,True
467,-0.9222971,-0.15797734,-0.30274582,True
466,0.8651916,0.73259497,-0.5325756,False
465,-0.23446774,-0.22343445,0.66188717,True
464,0.17497599,0.96686196,0.5084342,False
463,1.0859966e-3,0.3070898,-0.6809819,False
462,0.33669412,0.3843993,-0.15603459,False
461,0.55248237,0.98007286,9.625435e-2,False
460,-0.6619388,0.119395375,0.63705635,True
459,0.9440173,-0.7621763,0.19293344,True
458,-0.23824716,0.9259702,0.52243936,True
457,0.10574746,-0.793453,0.45721602,True
456,0.710292,0.6106163,0.79393625,True
455,0.28167903,0.42072856,0.18123233,False
454,0.9872893,-0.95468307,-0.54072917,False
453,-0.40446007,0.7132759,0.2709278,False
452,-4.8078775e-2,-0.16084385,-0.79747367,False
451,0.21598554,0.46078074,0.10860956,False
450,-0.27488685,0.6745026,-0.7755898,False
449,-0.17709804,-6.361413e-2,0.5722914,True
448,0.31585467,-0.72835445,0.5306289,True
447,0.2443353,-0.9384053,-0.110599995,True
446,-0.36828935,-0.23730195,0.1447208,True
445,0.7391801,-0.6278089,0.21242666,True
444,-0.6956098,-0.45354748,-1.5658021e-2,True
443,0.6725849,-0.44711447,0.5509443,True
442,0.5614594,0.27628553,-0.32884848,False
441,-0.31795716,-0.35637486,-0.57866716,False
440,0.33529437,-0.36890745,-0.25064456,False
439,-0.8944696,6.257415e-3,-0.95509064,False
438,-0.55922234,0.76997304,0.82514524,True
437,-0.30077505,0.60971725,-0.37718952,False
436,0.24348664,0.31898487,-0.74650455,False
435,0.20014524,0.31274676,0.8197473,True
434,0.48397005,0.37355912,8.801079e-2,False
433,6.109035e-2,0.76001763,-0.40610313,False
432,-0.38376594,-0.41622722,-0.922212,False
431,-0.7060989,0.9997039,0.6202359,True
430,-0.106086254,-0.26112175,-0.24116623,False
429,-0.48247933,0.5189569,0.2551999,True
428,-0.50167644,0.6254895,-0.56915045,False
427,-7.4076414e-2,0.1386522,-0.5846958,False
426,-0.24722505,4.7545552e-2,0.595201,True
425,0.8809478,5.660665e-2,-0.49621618,False
424,0.14277303,0.13949478,-0.8693464,False
423,0.57832146,-0.55390704,0.8694811,True
422,-0.9314107,-0.34780502,0.7151444,True
421,0.32225752,-0.47620738,-0.98170924,False
420,0.8661425,0.92631805,-0.6901057,False
419,0.7386941,-0.7881154,0.59880435,True
418,-0.8796991,-0.61949563,-0.7816864,True
417,-0.7771003,0.85636044,-0.607942,False
416,-0.6137707,0.4327408,0.31075585,True
415,1.4985561e-2,0.25492096,0.81246793,True
414,-0.8841497,0.59656096,-0.5528599,False
413,-0.43683827,5.2649617e-2,-0.6197823,False
412,-0.7401203,-0.82201815,0.97025955,True
411,-0.53356946,-0.691579,-0.9442576,False
410,0.55612576,0.3960681,-0.7768713,False
409,-3.5281181e-3,0.115418434,-3.7018657e-2,False
408,-0.20077753,6.435573e-2,-0.8755759,False
407,-0.7693901,-0.13007641,-1.6884208e-2,True
406,-0.3281871,-0.5513153,0.7331382,True
405,-0.5670105,8.16381e-2,0.26375806,True
404,0.33917308,-0.2616365,0.12296116,True
403,-0.7418269,0.32959104,-0.6652498,False
402,0.65721846,-0.87717736,-0.16344583,True
401,0.64715374,0.61406076,0.65218055,False
400,-0.8388531,-0.44717002,0.6100718,True
399,0.33152044,0.7335533,0.3267244,False
398,0.7244395,-0.8262825,0.58499,True
397,0.72454023,-0.3273872,-0.20115066,False
396,0.2374866,0.83350456,0.9674258,True
395,9.482205e-2,-0.40453768,-0.39184272,False
394,-0.8423991,-0.75546813,-0.53687584,True
393,0.8972919,0.6834079,6.8454504e-2,False
392,-0.47974718,-6.801915e-2,9.797776e-2,True
391,0.12064695,0.535532,-0.6138797,False
390,-0.4889381,0.79342246,0.9004178,True
389,-0.32957804,0.7244173,0.48930097,True
388,-0.75479007,-0.81862974,0.69303775,True
387,-0.5872129,-0.3372438,-0.67496884,False
386,-0.8960998,0.16327822,0.63276446,True
385,-0.5221579,-0.9630163,-0.17032564,True
384,0.70420766,-0.56629133,-0.34562314,False
383,0.8400495,0.8665979,0.75172126,False
382,5.5113196e-2,0.83537984,9.963179e-2,False
381,-7.336104e-2,-0.99920976,-0.622841,True
380,-0.501925,-0.20661175,-0.64275837,False
379,0.3752184,5.735159e-2,-0.9231106,False
378,-0.42556095,0.2127173,0.439834,True
377,0.9223418,0.24999571,-0.60055673,False
376,-0.7571366,0.5948889,0.19830298,True
375,0.68969417,1.8365026e-2,0.11469853,False
374,0.75791264,0.72007215,0.22561872,False
373,-0.77161133,0.22501028,-0.95624125,False
372,-0.60478556,-0.86143565,0.51664865,True
371,0.75820494,2.9945731e-2,-0.6102649,False
370,0.3114245,0.55341506,0.9764501,True
369,-0.24395084,0.5163944,0.49472392,True
368,-0.73643684,0.7391387,0.3883698,True
367,0.6456356,0.6428435,0.33753383,False
366,0.9144778,-2.2066832e-3,-8.042812e-3,False
365,0.578356,-0.5091071,-0.8244438,False
364,0.7270994,0.9899101,0.60801935,False
363,-0.10517669,-0.99318266,6.463647e-2,True
362,0.6607928,0.13689351,0.60000765,True
361,-2.5695324e-2,-0.13368881,9.306502e-2,True
360,0.52477384,-0.2225362,0.765942,True
359,0.77618253,3.31949e-2,0.8833045,True
358,-0.6148099,-0.75738096,0.10515213,True
357,0.67294717,-0.74976575,-0.53168404,False
356,-0.8521223,-0.31139278,0.24419212,True
355,0.9239559,0.85827196,-0.2925049,False
354,0.28618252,-0.31379652,6.346178e-2,True
353,-0.6248324,0.29997504,0.8729155,True
352,-0.7109411,0.6376035,0.729275,True
351,0.7823887,-0.30521572,0.23531914,True
350,-0.68834984,0.5380434,-0.5868318,False
349,0.95672405,0.35800993,-0.1729405,False
348,0.518041,0.2759912,0.22721434,False
347,-0.5879617,0.8544334,-0.13519669,False
346,-0.8471614,0.812737,-1.0820627e-3,False
345,0.2633388,-0.5838388,-0.8327465,False
344,-2.3958206e-2,0.74207044,0.6952549,True
343,0.21017754,0.8320546,-0.27917218,False
342,-0.532727,0.89312136,0.69863665,True
341,-0.7420938,-0.15195394,-0.22522044,True
340,-0.8827914,-0.65348935,-0.43312573,True
339,-0.85944045,-0.23279536,-0.6002263,False
338,-0.45210016,0.30843854,-0.93409,False
337,0.3435005,0.56268,0.13688684,False
336,-0.43146086,-0.7279631,0.8119539,True
335,-0.39110684,0.84326994,-0.7814785,False
334,0.2621262,-0.5210972,0.6357683,True
333,0.6905575,0.8246114,0.70565367,False
332,0.34724605,-0.6072594,2.6589394e-2,True
331,8.579588e-2,-8.6922884e-2,0.8444221,True
330,-0.8129686,0.5662097,-0.605808,False
329,-6.0712695e-2,0.8601209,-0.47360337,False
328,-0.12861288,-0.77220905,-0.5443276,True
327,0.5996549,-0.6946639,7.975471e-2,True
326,0.24302304,0.22957003,0.41352236,True
325,-0.20511663,-0.28435397,-0.9765266,False
324,-0.5922203,-0.1582793,0.7751126,True
323,0.16581488,0.47935176,-0.7108531,False
322,0.36511528,-0.65887284,0.7116122,True
321,-0.33582306,-0.6440388,0.8731048,True
320,-0.3217398,-0.7509965,-5.8916807e-2,True
319,0.9313451,-0.29585552,-0.74866796,False
318,0.7020868,0.4740126,0.12960708,False
317,-0.16542768,-0.7418318,0.44467282,True
316,0.7543751,-0.39986527,0.5771214,True
315,0.59566164,0.23908675,9.156728e-2,False
314,0.41880035,0.8449099,0.5163686,False
313,0.72698426,-0.39111257,-0.9878783,False
312,0.9961214,-0.123919725,0.20487058,False
311,-3.7594914e-2,-0.27127147,0.5399817,True
310,0.7514174,0.43941367,-0.55289996,False
309,0.20602977,0.26016688,-0.97191703,False
308,-8.44543e-2,0.30168223,0.84382,True
307,-0.1628679,0.21042264,-5.0256133e-2,False
306,-0.59965277,9.5386624e-2,-0.9560442,False
305,8.776784e-2,0.51540804,0.70038056,True
304,0.6534456,0.9708413,-0.11983895,False
303,0.2219994,-0.30453312,-0.5381019,False
302,0.7261174,0.73568654,-1.3230562e-2,False
301,0.5802885,-0.629308,0.5308955,True
300,0.41668987,0.123092175,-0.5530528,False
299,0.712543,-0.7092067,-0.7771435,False
298,0.73617315,0.5749278,0.7361882,True
297,-0.50253415,-0.2899809,-0.24950552,True
296,-0.874645,-2.1273494e-2,-7.5197935e-2,True
295,-0.121896744,0.21784437,0.18938756,True
294,0.4075644,0.7470962,-0.4825313,False
293,-0.2715832,-0.33096862,0.54645276,True
292,-0.22660828,0.46239674,-6.11583e-2,False
291,-0.24696767,-0.9766592,-6.926e-2,True
290,-7.879865e-2,0.6651323,0.8265276,True
289,-0.43088388,-0.23780751,0.73215353,True
288,2.2776842e-2,-0.6049473,0.5452025,True
287,0.9161359,0.71656907,-0.7309383,False
286,-0.43819582,0.6083375,0.8695061,True
285,0.33056176,-0.6280695,-0.30770576,False
284,0.29907298,-0.9870254,0.8488591,True
283,-0.62193084,7.995093e-2,-0.790236,False
282,-0.1406523,0.8455677,0.4765154,False
281,-0.91878366,0.32588816,0.26901853,True
280,0.7436023,-0.9037174,0.14190459,True
279,-0.5256516,0.19369972,-0.21700513,False
278,0.7828481,-0.8472023,7.064092e-2,True
277,-0.48618662,-0.31622362,0.18114698,True
276,-0.19366646,0.7428001,-0.9723339,False
275,-0.18701768,0.88071704,-0.3242222,False
274,0.5892434,0.7789037,-0.88047206,False
273,0.8138988,0.8021016,-0.24476981,False
272,7.295656e-2,4.738307e-2,-0.2962669,False
271,0.8332485,0.3417971,0.2903049,False
270,8.494806e-2,-0.60372305,0.22219324,True
269,0.19445598,0.18022585,0.22595644,True
268,-0.62364924,-0.43610978,-0.19878054,True
267,0.28785574,-0.38260293,-0.16937494,False
266,0.36249864,-0.2434653,-8.851445e-2,False
265,0.8260416,-0.16142845,7.417953e-2,False
264,-0.47912228,0.29004312,0.9505683,True
263,-0.8631879,-0.18775678,-0.3337221,True
262,-0.33503735,-0.93269503,0.15179932,True
261,-0.53879845,-0.46976912,-3.5424232e-2,True
260,-0.787372,-0.1956513,0.623629,True
259,0.18895316,-0.8736174,-0.8929634,False
258,0.1995529,8.817744e-2,0.10187161,False
257,0.9793023,-0.9542452,-0.18321407,False
256,-0.12695575,-0.2125057,-9.553838e-2,True
255,-0.8936118,-0.79500973,0.2936654,True
254,-0.53062344,-0.86856854,0.7538327,True
253,0.1017015,-0.7845199,-0.93837,False
252,0.5071862,9.781361e-3,-0.8097441,False
251,-0.583269,-0.2905022,-0.7811023,False
250,-0.317286,-0.45172417,-0.20413268,True
249,-0.9005276,0.7317569,0.672428,True
248,0.84905314,0.31359684,0.516747,False
247,-0.43410742,-0.45383132,0.7660167,True
246,0.73326695,0.2477256,0.9770962,True
245,0.62082505,0.20886111,0.9721955,True
244,-0.22151697,0.52637506,0.13114798,False
243,-0.6445612,0.945606,5.8097363e-2,False
242,-0.19107985,-0.11724806,-0.7191708,False
241,0.52153814,0.5038072,0.7566409,True
240,0.20748997,-0.5476748,0.8825052,True
239,-0.80746186,-0.48578203,0.21670234,True
238,-0.9300449,0.4199587,-0.24167848,False
237,0.86817575,0.755883,0.15166056,False
236,0.5753437,0.11581576,4.8447967e-2,False
235,0.3268205,9.343052e-2,-0.289266,False
234,-0.25002873,-0.3279811,-0.14111519,True
233,-9.4658256e-2,0.19008183,-2.211845e-2,False
232,0.72873497,0.49922943,-0.9080918,False
231,-0.6666069,0.26022243,-0.6750349,False
230,0.37534583,0.9831375,-0.4990486,False
229,0.61625755,-0.7967148,-0.8588238,False
228,-0.49237168,-0.73699105,-0.5243373,True
227,-0.67091906,-0.78876853,0.57698536,True
226,-0.44392705,-0.8440869,-0.49241257,True
225,0.93453646,-0.6321095,-0.16557229,False
224,-0.19880652,-0.4061414,3.975427e-2,True
223,-0.9408165,-0.30975807,-0.1761887,True
222,-0.94314706,0.80414474,0.22042108,True
221,-3.0680656e-2,0.5942097,0.22798407,False
220,0.657045,0.44510853,-0.5603602,False
219,0.3780799,-0.6395334,-3.7245274e-2,True
218,-2.2072673e-2,-0.7667185,0.90905905,True
217,0.44953322,-0.84529316,0.5350816,True
216,0.13841927,-0.8802961,0.21965563,True
215,-0.6851342,0.9208002,0.20169306,False
214,0.27767503,0.21928859,0.7367083,True
213,-0.18347204,0.67469466,0.84072983,True
212,-0.30787683,-0.96263075,-0.67991865,True
211,-0.8631818,-0.21462333,-0.99992085,False
210,-0.2950946,0.9681418,0.3538587,False
209,-0.9175426,-0.379416,-0.77502644,False
208,-0.27075195,0.34033024,0.4837445,True
207,-0.5333897,0.20253491,0.21138275,True
206,-0.6069875,0.43430638,0.291098,True
205,-0.8253689,0.4215386,-0.37794232,False
204,-0.39671636,-0.7880558,-0.89655256,False
203,3.9426327e-2,0.5061277,-0.3827945,False
202,0.48478186,-0.41310775,0.8229742,True
201,0.6697879,-0.39063418,-0.7527634,False
200,-0.42109358,0.40194714,-0.49412823,False
199,-0.35652137,-0.77499104,0.33976495,True
198,-0.26478112,-0.18260992,-0.4458071,False
197,-9.192002e-2,0.6802025,-0.50544834,False
196,-0.2782334,3.3100843e-2,0.22796404,True
195,-9.936023e-2,0.4637972,-0.11030674,False
194,0.66757274,0.61985886,0.7096987,True
193,0.6588135,0.7002318,-0.51127374,False
192,0.30886197,0.7315725,-0.19694543,False
191,0.8688239,0.711673,0.6871394,False
190,-0.16963351,0.54028785,-0.1396904,False
189,0.7190558,-0.9738066,-0.95265555,False
188,-0.16817713,-0.1366353,-0.41773164,False
187,-0.7341497,-0.24362719,-0.14441204,True
186,-0.29159832,-0.2770332,0.19310403,True
185,-9.5698595e-2,-0.52875173,-0.13055754,True
184,-0.7629677,-0.529865,-0.5730517,True
183,0.10940993,-0.87284946,0.4801681,True
182,-0.12527215,-0.7650666,-0.5682286,False
181,-6.5497994e-2,0.7807182,0.8371432,True
180,-0.72391963,0.6143935,0.2795807,True
179,0.43593383,0.28055286,-0.16234446,False
178,-0.40323853,0.69167006,0.78155804,True
177,-0.22134614,0.13374853,-0.93354046,False
176,-0.2352258,0.89308953,7.1149826e-2,False
175,0.4798497,-0.7837788,0.29084563,True
174,-0.7957057,0.3915485,-0.13187647,False
173,-2.430439e-2,-0.9520246,-0.6719413,False
172,-0.4126823,0.107759714,0.70784426,True
171,1.9772291e-2,-0.86194384,-0.9952266,False
170,-0.24385953,-0.4425707,0.10853076,True
169,-3.0100346e-4,-0.8882898,0.4880246,True
168,0.16890752,0.18368089,0.49189138,True
167,-0.9823183,0.5062773,0.5958127,True
166,-0.21375501,-0.40820003,0.11545169,True
165,-4.9334764e-2,0.5181687,6.1599135e-2,False
164,-0.9788865,0.54737055,0.6551249,True
163,-0.7641071,-0.8992785,0.70845246,True
162,0.20565069,0.3565048,-0.3919332,False
161,-0.6719334,0.5377724,-0.22800183,False
160,0.30141854,0.8621192,-0.3359543,False
159,-0.16776538,0.15290248,0.5806402,True
158,0.36117232,0.4674008,9.139454e-2,False
157,0.55850804,0.8541782,0.40246403,False
156,0.8254888,0.6829741,-0.25566518,False
155,0.2088548,0.98115706,0.41921902,False
154,-0.27591598,0.27377558,0.7493826,True
153,-0.67081344,-0.15914583,7.636881e-2,True
152,0.509027,-0.87447953,0.45464087,True
151,-0.5721531,-0.6381706,0.39762366,True
150,-0.6874993,-0.7189734,0.24276817,True
149,0.80731666,-2.9888391e-2,0.7757989,True
148,-0.8716425,0.5542178,-0.6250968,False
147,0.76828146,1.3141155e-2,-0.11049831,False
146,0.40187216,-0.91645944,0.3202839,True
145,0.1813407,0.2526493,-0.68477213,False
144,-4.1588664e-2,0.18373859,-0.3823887,False
143,-0.14526355,1.4485121e-2,-0.3863305,False
142,-8.797479e-2,-0.5396496,-5.9144855e-2,True
141,-0.12609434,-0.6410322,-0.11247647,True
140,-0.83364177,-0.4945804,-0.90193415,False
139,0.36789918,-0.5923302,0.3205657,True
138,-0.5322939,0.58856547,0.1384517,True
137,-0.9964355,0.8067303,0.32864726,True
136,-0.8826027,0.59192836,-0.15539324,False
135,0.7466935,-0.31898463,-0.6750827,False
134,0.44987118,-0.7260965,-4.9273014e-2,True
133,-0.8065969,9.196758e-2,-0.61702776,False
132,0.13660204,-0.19144392,0.79462326,True
131,-0.57046103,-0.35386944,0.12834775,True
130,-0.38057435,-0.8229896,0.3453921,True
129,-0.6889039,5.4550886e-2,0.29728305,True
128,-0.8332845,0.9477484,-0.35970092,False
127,0.53324175,-0.36499834,0.68715096,True
126,-0.28784347,-0.5601349,0.5855789,True
125,0.63424206,0.5365664,8.750129e-2,False
124,0.81762576,-0.18822515,-0.44873655,False
123,-0.69996965,-0.6369059,0.20385993,True
122,-0.6644465,2.0416379e-2,0.6112107,True
121,0.19892156,-0.7017269,-0.30867672,True
120,0.49983847,0.8234283,0.5456215,False
119,-5.6372285e-2,0.6394191,-0.14384055,False
118,0.90565646,0.33326948,-0.18095994,False
117,0.61763275,0.77582633,0.6008918,False
116,0.8845086,-0.2880044,-0.7481046,False
115,0.9016439,0.3092276,-0.48418272,False
114,-0.12800288,-0.87332034,-0.9198545,False
113,0.6546639,-0.478989,-0.82910967,False
112,-0.95977736,-0.60214245,-0.6861788,True
111,0.98311734,-0.660781,0.4914428,True
110,0.7945162,-0.88433087,-0.49356675,False
109,0.105986,-0.23243344,-0.9812224,False
108,-9.268153e-2,-1.084888e-2,0.11439097,True
107,0.5146781,-0.17864716,-0.7230954,False
106,-0.523638,0.8118161,0.9204947,True
105,-0.34086,-0.8211347,0.9079807,True
104,0.3249086,0.41864514,0.5127107,True
103,0.7438339,-0.6967751,-0.42237413,False
102,0.9540769,-2.483368e-2,0.82135785,True
101,6.094539e-2,0.6256975,-0.50055265,False
100,-0.6704143,-0.3291787,-0.13937128,True
99,-0.88871026,-0.9399619,0.58347714,True
98,0.5708586,0.5314294,-0.43510246,False
97,-0.4791267,0.21619213,0.76700413,True
96,-0.5716864,-0.294582,-0.10623467,True
95,-0.50249696,0.39754105,0.49076664,True
94,0.7495936,0.8541684,0.27902317,False
93,-0.48100722,0.6524981,0.65830266,True
92,-0.6942973,-8.220601e-2,0.6635182,True
91,-0.15532696,-0.25798547,-0.57596624,False
90,-0.30036938,-0.11026478,-0.52551055,False
89,0.8647727,-0.2701453,-0.4992149,False
88,0.5492854,0.9008279,0.9045762,True
87,0.47094154,0.13426077,-0.36435544,False
86,-0.29266942,0.8515661,0.6107497,True
85,-6.625533e-3,0.69574606,-4.064691e-2,False
84,0.6207658,0.25682485,-0.5170766,False
83,0.20379913,0.31484747,0.6941606,True
82,0.6670234,0.825299,-0.14033735,False
81,0.48000026,-0.14979994,-0.59882414,False
80,-0.51056385,0.17605734,-9.73171e-2,True
79,0.43594515,0.42742038,0.45160472,False
78,-0.34817612,-0.52888346,-0.8055302,False
77,-0.6444961,-0.29050136,-0.17356825,True
76,0.5002513,0.33491254,-0.92102623,False
75,-0.59975743,0.32363343,-0.16960585,False
74,-0.31313717,0.7388284,-0.2586496,False
73,-0.6772692,0.91033685,0.41470075,True
72,0.51740324,0.35814476,-0.24614203,False
71,-0.57152164,0.6356665,-0.5053061,False
70,-0.56133986,0.89016616,-0.67238533,False
69,0.63076663,-0.8640863,0.955567,True
68,0.5710151,-0.87615705,-0.42294693,False
67,-0.62442887,-0.87288344,-0.60895574,True
66,-5.5197e-2,-0.6985239,0.9664092,True
65,0.5509045,-0.7351787,-0.6735282,False
64,0.42376733,-0.7845105,0.25902355,True
63,-0.306314,-0.79114294,-0.9857031,False
62,-0.69189143,-0.49515235,-0.12791908,True
61,-0.8328277,0.49371934,0.9672761,True
60,0.28877306,-0.17429435,0.4247669,True
59,0.21746147,0.8675616,0.3092059,False
58,-0.6653564,-0.8951467,0.25754035,True
57,0.9998083,-0.8110225,9.158659e-2,True
56,0.59447396,-0.13916206,-0.9397776,False
55,-5.331409e-2,-0.77963996,-0.64452374,False
54,0.3571198,0.8430437,4.0296197e-2,False
53,-7.525623e-2,0.31510985,-5.2884102e-2,False
52,-5.0566316e-2,-0.7456496,-9.6565485e-3,True
51,0.2185266,-0.20163584,0.50492465,True
50,-0.11330795,0.33411133,0.36278093,True
49,0.7312598,0.797137,-2.898717e-2,False
48,8.381605e-4,-0.52426815,-0.41306114,False
47,-0.19996297,0.8056536,-0.6753948,False
46,-0.6248605,0.7397016,0.60771894,True
45,1.16426945e-2,-0.19519901,0.46505523,True
44,-0.85759413,0.22438407,-0.5135069,False
43,-0.9527527,0.42767608,-0.7510966,False
42,-0.5044329,0.8434329,-2.4255514e-2,False
41,0.6061299,-1.514256e-2,0.60865355,True
40,-0.33621585,1.1916995e-2,0.9449364,True
39,0.79849505,0.69173205,0.46075904,False
38,-0.397277,0.8333087,0.60690475,True
37,0.7016704,-0.31374586,0.2984059,True
36,0.59714615,-9.029293e-2,0.32476187,True
35,0.5060992,0.22230566,0.6176336,True
34,-0.3136046,-0.86443186,-0.63135004,True
33,-0.7779571,-0.15724683,0.72690344,True
32,-0.60034835,-0.3790362,0.19958758,True
31,0.59814155,0.25914133,-0.8152822,False
30,-8.647537e-2,0.18669736,-0.117610335,False
29,0.8707938,0.96247077,0.104622364,False
28,-0.8605354,-0.63322246,0.8149806,True
27,-0.3589214,0.1615845,-0.9570564,False
26,0.4497943,-0.5426079,-0.9999232,False
25,0.5835897,-0.2454871,-0.30096698,False
24,-0.32931256,0.84276605,-0.4224248,False
23,0.11543667,0.6224587,0.8889214,True
22,-0.58946884,0.91921794,-0.57541585,False
21,-0.5229268,0.13866091,-0.50192463,False
20,0.8533113,-0.38352537,0.55623376,True
19,0.9461881,-0.12711668,0.3658886,True
18,-0.84537625,0.6446599,-0.7653794,False
17,0.31572294,0.17105794,-0.31943023,False
16,-0.99713874,0.69976604,-0.5388243,False
15,0.47745848,-0.40596235,-5.0322652e-2,False
14,0.62851846,0.58804476,5.965495e-2,False
13,0.17476821,-1.7462134e-2,0.18962038,True
12,0.50546825,-0.2232846,-0.62021816,False
11,-0.20635593,-0.2534411,-0.4185834,False
10,-0.8404045,-0.7046205,0.47341692,True
9,-8.859158e-3,-0.101070404,0.20711899,True
8,0.54098964,0.42973483,0.52376914,True
7,0.47704923,4.902363e-2,-0.44968772,False
6,-0.5911578,0.8902117,-0.8358395,False
5,0.45415378,-0.8386462,-0.5138614,False
4,-1.1265039e-2,0.73985255,6.54856e-2,False
3,-0.13385856,-0.4078387,-0.8896947,False
2,0.85417736,-0.5718268,0.3111577,True
1,-0.19469571,0.74244046,-0.6228552,False
0,-0.30755937,-0.9723531,-0.96107924,False
