999,4.746306e-2,-0.28178144,-0.71636987,False
998,-0.84708905,0.8817699,0.40931833,True
997,0.94659114,0.32330477,-0.53793824,False
996,0.398399,4.0787935e-2,-0.22251403,False
995,0.25966883,0.92668974,0.5086659,False
994,-0.22419786,0.58514404,-0.7131835,False
993,-0.66614735,0.87518895,0.5929103,True
992,0.38103724,-0.6601926,8.15016e-2,True
991,0.14164281,0.10540831,0.91821563,True
990,0.32316947,0.63214123,-0.6196474,False
989,-0.46540403,0.7096472,-6.517327e-2,False
988,-2.7668e-2,-0.74280417,0.94733226,True
987,-0.41645885,-0.6385237,-0.6687225,True
986,0.6619227,0.53734255,0.13924587,False
985,-0.82130516,-7.9297304e-2,0.17479682,True
984,0.60834134,-0.8293916,-0.9974607,False
983,-0.2359128,-0.62211096,0.497581,True
982,-0.4435326,-0.39277983,0.3662318,True
981,1.900351e-2,0.29605567,-0.8389665,False
980,0.8843899,0.23608088,0.42459512,False
979,-0.8340198,6.755459e-2,0.9184016,True
978,0.9459919,-0.6018752,-0.75193334,False
977,-0.8422208,-0.48192728,0.1812104,True
976,-0.100511074,0.2509271,0.6046926,True
975,-0.118754625,8.040786e-2,0.14925551,True
974,0.40196097,-0.6179383,-0.10214043,False
973,-0.9071418,0.16481018,-0.92910063,False
972,0.63514864,-0.41650808,-0.67223215,False
971,0.962659,-0.36449623,0.37650955,False
970,-0.12893653,-0.66197014,-0.36689985,True
969,-0.8037026,-0.14499128,0.7150781,True
968,-0.15907025,-0.14614093,-0.25634027,True
967,-0.47630167,0.8363539,-0.71376395,False
966,7.251954e-2,-0.37981308,0.7975606,True
965,0.31737697,-0.99146545,-0.3098985,True
964,0.22449625,-0.5078924,0.7410705,True
963,0.83769286,0.99323404,-0.38150656,False
962,0.10103071,0.59007645,0.46985173,False
961,0.77155983,-0.542333,-0.9132024,False
960,-0.32811224,0.84796965,-0.7718048,False
959,0.55005836,9.1850996e-2,0.79358387,True
958,-0.84385,0.20267487,-4.985845e-2,True
957,0.22045672,0.38467634,0.29308128,False
956,0.25165546,0.20583367,-8.9012384e-2,False
955,-1.5702486e-2,-0.25298393,0.58965814,True
954,0.313568,-0.53592825,-4.8416138e-2,False
953,0.55070865,0.14526212,0.22898531,False
952,0.77557206,0.47322226,0.15378034,False
951,-0.32259464,0.96423364,-0.27087152,False
950,-0.70199645,5.202341e-2,8.472288e-2,True
949,-0.28901994,-0.9703529,7.9160094e-2,True
948,5.562389e-2,-0.9029565,-0.6981356,False
947,0.534999,-0.2604679,0.41541898,True
946,0.3396064,-0.46597886,0.18516779,True
945,-0.15105963,0.37829673,-0.3155216,False
944,-0.3497076,-0.9994621,-0.76597524,True
943,-0.45118523,0.4480034,0.59674907,True
942,-0.67309785,0.66679704,0.7592052,True
941,0.9846753,-0.427078,-0.1958015,False
940,-3.0939102e-2,-0.41600168,0.18816233,True
939,-0.67980886,-9.401083e-3,0.3403777,True
938,0.433545,-0.52265036,-0.74476707,False
937,0.4765023,0.8929235,0.93759346,False
936,0.7093891,0.5467297,0.3441472,False
935,-0.31082237,-0.3167137,0.81675947,True
934,0.61738837,0.86383104,0.1773485,False
933,0.37185943,-0.6056286,-0.8404499,False
932,-0.6462226,-0.43457806,0.3752042,True
931,-3.708601e-4,-0.30153966,-0.5829984,False
930,-0.2146163,0.31205237,-0.8985219,False
929,0.27261853,0.46301293,-0.26936698,False
928,-0.5814856,0.33420622,4.9429774e-2,True
927,0.30886078,0.60530794,-0.8267453,False
926,0.5882578,0.34752238,0.9156858,True
925,-0.21292949,2.6427984e-2,5.34029e-2,True
924,0.3819239,3.661132e-2,-0.62185824,False
923,-0.46296847,0.83727825,0.17132068,True
922,-0.5705247,-9.274042e-2,0.80353916,True
921,-0.8739964,-0.23672533,-0.35955393,True
920,0.8631288,0.6712264,0.6126044,False
919,0.28722346,0.8793566,4.3828726e-2,False
918,0.24867868,-0.5370929,0.9758384,True
917,0.19444859,0.46881902,0.71703327,True
916,-0.74834204,-0.7684963,0.17054331,True
915,0.6217065,0.93764186,-0.2986555,False
914,0.18969584,8.830917e-2,0.47964263,True
913,-0.82067657,0.2763071,-0.73088443,False
912,-0.93767786,0.38105738,0.34281623,True
911,0.37550414,0.68488634,-2.038002e-2,False
910,0.16446567,-0.16616273,0.89268434,True
909,-7.09579e-2,0.23051286,9.480047e-2,True
908,-0.86904645,-2.746284e-2,-3.910792e-2,True
907,0.62962925,0.51085675,-0.49965763,False
906,-0.70656323,9.301698e-2,0.80002594,True
905,0.21010053,-0.62464106,0.60939455,True
904,-0.2832445,0.71567893,8.269775e-2,False
903,0.88007927,0.90945804,0.41959774,False
902,0.5883306,-0.2333386,-0.6623632,False
901,0.7780862,0.17863357,0.7734313,False
900,0.42666757,-0.4573394,0.15006018,True
899,0.46799552,0.8067484,9.6214056e-2,False
898,0.8661107,-7.445419e-2,0.8705286,True
897,0.7129626,0.19798338,0.7841207,False
896,0.8285806,-1.946187e-2,2.4867535e-2,False
895,0.34088528,0.24539554,-0.99890316,False
894,-0.24043989,0.49240172,0.42535067,True
893,0.5622579,-0.46651363,0.53252876,True
892,-0.24546504,0.3960426,-0.7018093,False
891,-3.7529707e-2,-0.8940623,-0.34282517,True
890,-0.29368007,-0.4935943,9.208453e-2,True
889,-0.4846984,0.21598506,0.11736572,True
888,-0.34810436,0.7710397,-0.4092816,False
887,-0.29528344,0.8908427,-0.94831824,False
886,0.6308782,0.9343877,0.2885188,False
885,4.3250203e-2,0.940066,-0.67232955,False
884,0.6572484,-0.49566197,0.56732833,True
883,0.4856497,0.31446278,-0.4676044,False
882,-1.9137859e-3,0.6372113,0.65021706,True
881,-0.9121113,0.2654357,-8.7186694e-2,True
880,-0.6191851,0.1306349,-0.24674428,True
879,-0.8343755,0.5619948,0.6410353,True
878,-0.694085,-0.35848355,0.15428793,True
877,0.5387546,-0.90606976,-0.15901947,False
876,0.64717245,-0.9276887,0.9580188,True
875,-0.30631793,0.54638016,-0.92277527,False
874,0.8953744,-0.11205101,-0.78308964,False
873,-1.2354016e-2,-0.68535805,-0.41289258,True
872,0.45596778,0.562572,6.78848e-2,False
871,0.28697085,0.30365765,-0.73098075,False
870,-0.52347004,-0.3441497,0.95644164,True
869,-0.3122611,-0.7043139,-0.27497303,True
868,0.9523188,0.94101346,-0.96657586,False
867,0.5730133,-0.80840576,0.50574994,True
866,-0.6575165,-0.67287314,-0.5379752,True
865,-0.48925483,-5.885315e-2,-0.4065237,True
864,-0.482975,-0.5071578,-0.70929205,True
863,0.7455363,-8.904815e-2,-0.16279936,False
862,-0.794021,-0.12328458,-4.826367e-2,True
861,0.41971135,0.11775088,0.11136389,False
860,-5.259514e-4,0.82994616,0.42932236,False
859,-0.69712305,-0.5642631,-0.6062137,True
858,0.4540788,0.1011349,-0.7416074,False
857,-0.53226256,-0.9407562,0.58025944,True
856,-0.28818178,-0.8408718,0.7792965,True
855,-0.24092948,0.7982563,0.16129804,False
854,0.50146425,-0.76613545,0.18740654,True
853,0.7511996,0.5627215,0.8921648,False
852,0.32830954,0.89781356,-0.82856727,False
851,0.74734163,-0.3385352,0.73355997,True
850,-0.66511977,-0.44111753,0.5666913,True
849,-0.28106987,0.32391584,0.61050403,True
848,4.09106e-2,-0.6705135,-0.7139256,False
847,0.3128996,-0.4883206,0.28559005,True
846,-0.23888457,2.7693987e-2,0.34834743,True
845,0.2881415,0.7218803,0.60534656,False
844,0.22004199,0.62723327,0.94414794,True
843,0.4908725,0.353423,8.742213e-3,False
842,-0.53804314,0.46074438,0.73815846,True
841,0.66813445,0.12218094,0.2975421,False
840,0.30033088,0.4582169,0.93132997,True
839,0.19112659,-0.9047009,0.49727046,True
838,-0.38573563,-0.5789937,-0.9153421,False
837,-0.7805773,-0.45942378,0.492092,True
836,-0.17154253,0.4218632,0.23261774,True
835,-0.37544715,-0.3362466,-0.49707103,True
834,0.45220566,-0.5078031,0.10497892,False
833,0.1476574,-0.17989087,-0.9886886,False
832,-0.75972426,0.7204187,-0.38510013,False
831,-0.15305078,-0.4887557,-0.8728949,False
830,0.87974656,-0.44501114,-0.8913325,False
829,-0.30719078,-0.5427469,-0.1337533,True
828,2.3455143e-2,-0.5983046,-0.92070353,False
827,0.65234804,0.32624316,-0.8953754,False
826,0.89672124,0.22261572,-0.660398,False
825,-0.8508805,-0.99657047,-0.5586804,True
824,-0.16577613,0.51811993,3.9012074e-2,False
823,0.14552057,-1.9883394e-2,-0.9041276,False
822,-0.15697312,0.510237,0.9658539,True
821,0.92225826,0.7803422,-0.6559353,False
820,-0.71618414,-5.154717e-2,0.6899272,True
819,0.85935104,0.7011386,-0.5013437,False
818,0.8629433,0.6036707,-0.17274666,False
817,-0.37991238,0.87572837,0.7159723,True
816,-0.35295975,-0.3875457,-0.7138778,False
815,8.322716e-3,-0.7135384,0.28944921,True
814,0.39038908,-0.47232342,0.3705933,True
813,0.5624273,1.832509e-2,0.96394694,True
812,-0.15402794,0.38716292,-0.13011324,False
811,-0.2807113,0.69882846,-7.519245e-2,False
810,-2.7305365e-2,-4.545653e-2,0.21238875,True
809,0.9220097,-0.49499965,-0.57190037,False
808,-0.8827193,-0.27835834,-0.96316254,True
807,0.16564953,-0.887589,0.10996044,True
806,0.8199794,-0.8470427,-0.9072374,False
805,0.82806504,-0.92298186,-0.66266763,False
804,-0.5553508,-0.15991306,0.7845819,True
803,0.92330205,-0.6595987,-0.9383749,False
802,0.28654134,-0.6816448,-0.92389035,False
801,-0.81513536,-0.4673381,-5.928993e-3,True
800,-0.66075206,-0.10563719,-0.8844193,False
799,-0.8835825,0.18442571,0.83334756,True
798,0.71988153,-0.38920712,-0.14100528,False
797,-0.5709709,-0.46289623,-0.41633463,True
796,0.40493393,0.7708509,0.6013869,False
795,-0.1477505,-0.7390301,0.50329185,True
794,0.2213093,-0.8433939,-0.810102,False
793,0.4463054,-0.8582263,0.21696293,True
792,-0.9731245,6.326556e-2,3.2628298e-2,True
791,-7.0403695e-2,-0.74017537,0.9391966,True
790,0.60241234,-0.3735273,-0.28200722,False
789,-0.38565075,-0.99360764,-4.6665907e-2,True
788,0.6469842,0.9651339,0.32948244,False
787,-0.8320559,0.27436852,-0.106645346,True
786,0.81954765,7.9992175e-2,-0.8979211,False
785,0.51802266,0.3457296,0.38436627,False
784,-0.23073924,-0.13384819,-0.7135149,False
783,-0.13828135,0.42932165,0.16805649,True
782,0.50313723,0.86763656,-0.736915,False
781,-0.56276536,0.90184355,-0.74971735,False
780,-0.25377762,0.10744333,0.81850827,True
779,-0.64439595,0.30554092,0.5547708,True
778,-0.35879338,0.40942895,-0.5502002,False
777,-0.77808154,-1.1147141e-2,-0.69797695,True
776,-0.9849297,0.9443636,-0.9290658,False
775,0.13162541,-0.59199774,0.63532746,True
774,-0.6813077,-8.6438656e-4,-1.9024491e-2,True
773,-0.4290781,0.9687369,-0.44478953,False
772,-0.45184135,-0.5070118,0.15974462,True
771,-0.19367075,0.9226545,0.5315281,True
770,-0.2101922,-0.7124888,-4.2631388e-2,True
769,-0.80279505,0.5489757,0.4942689,True
768,0.2086631,-0.19850409,-0.63094926,False
767,-0.7175962,0.8847854,-0.7745664,False
766,-0.17473936,-0.98745024,-0.38448167,True
765,0.6974163,0.25591934,-0.2545843,False
764,-0.4584943,0.3444208,-0.72033834,False
763,0.4053353,-0.27668428,0.40607452,True
762,0.49796224,0.1833905,-0.98999965,False
761,-0.9952129,-0.67559457,-0.3409233,True
760,-0.49408138,-0.6830393,0.6537281,True
759,-0.5447935,-9.8598e-2,-0.8792815,False
758,0.94921315,-0.51059926,-0.5967978,False
757,-0.6657032,-0.19810545,0.6853342,True
756,-0.2770108,-0.15329468,7.928324e-2,True
755,-0.9997102,-0.93877006,-0.49171734,True
754,0.14440107,-0.44470203,0.7575922,True
753,-0.1991477,0.21601224,-0.1332103,False
752,0.13602865,0.9389893,-0.39761066,False
751,-0.60084665,-0.20437336,-0.4377942,True
750,-0.7100922,-0.9185144,-9.5374346e-2,True
749,-0.6021379,-0.20065236,-0.3353784,True
748,-5.0331473e-2,0.3398552,-0.9830868,False
747,-0.71225023,0.50989676,-9.232116e-2,True
746,0.18762589,0.6180402,0.31305408,False
745,0.969852,0.48091388,0.41181064,False
744,-0.72587645,0.8513831,0.94981885,True
743,-0.27771926,-0.94698966,0.754966,True
742,-0.10298395,0.28377175,-0.5227709,False
741,-0.7842641,-0.42089844,0.5360625,True
740,-0.7803688,-0.8561957,-0.28816915,True
739,-0.2544533,-0.5841963,-0.80011916,False
738,0.5715035,-0.3533826,-0.54791224,False
737,-7.746959e-2,-0.5822116,-5.28543e-2,True
736,0.3010069,-0.18297935,-0.7216244,False
735,-0.12129903,-0.23270273,0.48128903,True
734,-0.25780082,-3.1644464e-2,0.41846657,True
733,-0.43271863,-0.68184745,-0.7107618,True
732,0.103878856,0.41321242,1.0724187e-2,False
731,-0.43129706,-0.67591465,-0.8492285,True
730,0.6236682,-0.24604404,0.31461275,False
729,2.0444155e-2,0.17710388,-0.5055095,False
728,-0.8965007,-6.700921e-2,-0.65323436,True
727,-0.5287671,-0.34790182,0.5127158,True
726,0.577839,-0.32210934,0.9549682,True
725,0.5157168,0.58390474,0.7867373,False
724,0.30170524,0.2481333,-0.97443664,False
723,0.7279258,-0.5041481,0.16871727,False
722,0.5574385,0.8329469,-0.5406263,False
721,-0.5106566,0.17166781,-0.98930824,False
720,0.59759855,0.18787503,3.2992244e-2,False
719,4.4480443e-2,-0.52212846,0.8354492,True
718,-5.8286548e-2,0.7630899,0.47103906,True
717,-0.26452255,-0.62171185,0.51493096,True
716,-0.8283026,0.22539878,-0.8068663,False
715,-0.8566669,-0.68104327,0.8137872,True
714,-0.18847036,-2.3141503e-2,0.3890407,True
713,0.60861623,-0.92310953,-0.5339782,False
712,-0.36043215,-3.4146786e-2,-0.23417068,True
711,2.4469137e-2,0.95203876,0.45341873,False
710,0.32259274,0.33806193,-0.37420392,False
709,0.9971309,0.64380264,0.29801357,False
708,-0.25121868,0.8890456,-0.60063744,False
707,-0.5710614,3.6065817e-2,-0.7283164,False
706,-0.634658,0.78593075,0.14567316,True
705,-0.70737445,0.43168533,-0.64120233,False
704,0.44594908,5.9375525e-2,0.28500414,False
703,0.8057399,0.5251368,0.25059283,False
702,-0.3012482,-0.26799786,-0.5532844,False
701,-0.7902353,-9.5758796e-2,0.6198281,True
700,0.6176623,0.80073166,-0.44105756,False
699,0.27126884,0.73484147,0.80826855,True
698,-6.539142e-2,0.59772265,-0.25011837,False
697,-0.9954845,0.30259633,0.10773873,True
696,0.8254634,0.65306365,0.92292976,False
695,0.36029577,0.53199315,-0.30785465,False
694,-0.18784785,-0.48459136,0.23922646,True
693,0.8333783,-0.19657826,0.31361866,False
692,-0.18881917,-0.16418624,0.20882905,True
691,0.18138409,-9.612644e-2,-0.4449998,False
690,0.3563944,0.42531264,-0.28908074,False
689,-0.51762986,0.48294115,-0.6194508,False
688,-0.9942435,0.9552418,0.5074775,True
687,-0.95752347,-0.13862336,0.7114556,True
686,0.987316,-0.5199164,0.34554803,False
685,-0.44794118,4.9623847e-2,-0.45128024,False
684,-3.8335323e-3,0.39422798,6.035614e-2,False
683,0.9057313,0.50590706,-0.7055259,False
682,0.90928817,0.49292755,0.62048864,False
681,0.313877,-5.474007e-2,-0.7324325,False
680,-0.16367137,0.30129588,-0.41924214,False
679,-0.6626271,-0.8744688,9.00234e-2,True
678,0.60497844,3.6638618e-2,0.18860197,False
677,0.43847287,2.302897e-2,0.74126816,True
676,0.94137716,0.2288847,-0.78789103,False
675,-0.7973168,0.19277608,7.606387e-3,True
674,-0.36633766,-0.46620965,-0.98264563,False
673,0.26433492,0.33862972,-0.26122737,False
672,-0.15322006,0.18608761,-6.0884953e-2,False
671,0.38619602,0.73155665,0.5393119,False
670,0.22432029,-0.5032089,-0.13930249,False
669,-0.16879141,-0.44904542,0.8974569,True
668,0.7996625,-3.8106441e-3,0.969156,True
667,-0.50253713,0.4456079,0.8515818,True
666,0.38859284,-0.14881766,-0.63309336,False
665,-0.3991301,0.45456302,0.6850878,True
664,-0.2993616,-2.2065997e-2,-0.91018414,False
663,-0.3307475,9.67592e-2,0.26872993,True
662,2.4245381e-2,-0.5848441,0.58864,True
661,0.37855935,0.43759978,-0.58932436,False
660,-0.7580631,0.78502333,0.9527186,True
659,0.40327704,-0.9988426,-2.4810672e-2,True
658,-0.53266203,0.41386473,-0.6824051,False
657,0.112674356,0.40422356,0.60653496,True
656,-4.1457534e-2,0.14857578,-0.1298039,False
655,0.5153432,-0.9491805,0.2434274,True
654,0.33157492,0.5291295,0.3776226,False
653,-0.519595,-0.12567186,-0.38439882,True
652,-0.7702445,0.52243733,-0.9909518,False
651,0.5781982,-0.27548552,-0.48913097,False
650,0.35045457,0.3953929,0.79620826,True
649,0.8054731,-0.70560396,0.5683085,True
648,0.23857951,0.81046534,0.780831,False
647,0.723577,0.12632859,0.6710757,False
646,0.50013494,0.5589862,9.2360616e-2,False
645,-0.50467765,-0.37708437,-0.39756548,True
644,0.27669466,0.27302706,-1.626563e-2,False
643,0.58011377,-0.99763083,-0.6709788,False
642,-0.47339678,0.5500313,-3.4674644e-2,True
641,-0.6773118,-0.38312006,0.93848944,True
640,-0.17065239,-0.52756965,-8.764255e-2,True
639,-0.41097653,-0.9883549,0.91992617,True
638,0.8103883,-0.22589958,-0.31385887,False
637,-0.6961771,8.179164e-2,0.31274652,True
636,0.9405838,0.38488257,-0.47251356,False
635,-0.44419658,-0.10106754,-0.3701197,True
634,0.41499972,0.14486921,7.2113276e-2,False
633,0.24239969,0.7666521,0.5809978,False
632,0.5331336,0.8161931,0.41040635,False
631,0.93553126,0.2328378,-0.6654775,False
630,0.561051,0.16740644,0.66790164,False
629,-5.614078e-2,0.17073858,-0.112316966,False
628,1.7475724e-2,0.61583877,-0.16981912,False
627,0.69000685,0.58275914,-0.17366242,False
626,0.3595488,0.59392405,-0.6510222,False
625,-0.97658575,-0.14209497,0.5724467,True
624,0.70989954,0.59463716,0.29218686,False
623,-0.8010831,0.5420927,-0.43945634,True
622,-0.29014993,-0.33199537,0.7248558,True
621,-0.4566263,-0.5850165,5.2131534e-2,True
620,-0.45306456,-0.69939256,0.943398,True
619,-0.5806018,0.6558149,-0.17751205,False
618,0.43486345,0.9576491,0.589283,False
617,-0.10046947,-0.71377134,-0.17075467,True
616,0.25396907,-0.32255757,0.31081963,True
615,-0.97754025,0.49053502,0.3375845,True
614,-0.39683938,0.236943,0.8769103,True
613,-0.92789733,0.447376,-0.77983844,False
612,0.24068177,-4.5628548e-2,-0.74507904,False
611,0.93356323,-0.4108696,-4.0300608e-2,False
610,0.21863759,-0.32081497,-0.915913,False
609,-0.61956084,0.60567415,0.9900222,True
608,-0.377347,0.9029331,0.19895744,False
607,0.6629971,-0.8549489,1.4398694e-2,False
606,-0.69118357,6.644678e-2,-0.25572145,True
605,-0.60055566,0.18420851,-0.25887227,True
604,-2.370131e-2,-0.13282514,-0.54661,False
603,-0.64362645,-0.82432806,-0.18663907,True
602,-0.5213052,0.46442962,-0.99664867,False
601,0.58361876,0.6249001,-0.66162896,False
600,0.3057518,-8.555567e-2,0.87940204,True
599,0.49537277,-0.104216576,0.9288746,True
598,-0.45019722,-0.84677994,-0.9122101,True
597,-0.78862333,0.9653251,0.794721,True
596,-0.26671302,6.388605e-2,0.8254179,True
595,-6.403434e-2,-0.703629,-0.27276647,True
594,6.2094092e-2,-0.35087168,-0.9294077,False
593,0.4796424,-0.8567405,-0.9361634,False
592,-0.11089873,0.23901176,0.93540895,True
591,-0.20537674,0.41798878,-0.3271414,False
590,-0.39288342,0.5960796,-0.23937857,False
589,0.45024347,0.5804814,0.32744348,False
588,0.24589324,-4.1760206e-3,-0.28111947,False
587,-0.6442131,-0.10459089,0.44579077,True
586,-0.7648748,-0.50776315,-0.5417774,True
585,0.8663821,-0.52972674,-0.78693485,False
584,-0.9271624,0.44996095,-0.45033717,True
583,-0.21059024,0.78190184,-0.99981844,False
582,0.6356443,-0.87260485,-0.2223661,False
581,0.2994883,0.17071843,0.32143545,False
580,0.24919295,-0.7263043,0.2399267,True
579,0.85033107,-0.31768274,-0.31458533,False
578,0.2825476,-0.9143846,0.11138737,True
577,0.2175883,9.394169e-3,0.25461054,True
576,1.041317e-2,-0.5940869,-0.7977259,False
575,0.2938,0.393003,-0.9850272,False
574,0.27447104,0.16851604,-0.76728094,False
573,-0.7945752,-0.4655099,-0.571728,True
572,-2.3726821e-2,0.42750323,-3.930211e-3,False
571,-0.5753876,0.6895857,0.2689588,True
570,0.989172,7.837355e-2,0.42026258,False
569,-0.1320647,-0.74484646,-0.96516,False
568,-0.23888648,9.2131376e-2,0.33341134,True
567,0.21395576,-0.9910928,-9.6520305e-2,True
566,0.24613619,0.9202641,0.25223136,False
565,0.18205106,0.76797616,0.85937166,True
564,-0.2700703,-0.21743023,-0.44941008,False
563,0.93477213,0.7880815,0.6320437,False
562,5.1621437e-2,-5.6255102e-2,0.2906295,True
561,0.278422,-0.81518495,-0.69292665,False
560,0.1255759,-0.44283652,-0.39902127,False
559,-0.9277445,0.47294796,-0.39892602,True
558,-0.94268763,-0.15477371,0.7515962,True
557,1.2923598e-2,0.7185451,0.89213085,True
556,0.22221363,-0.114738464,2.118957e-2,False
555,0.623893,0.6835799,-0.47774267,False
554,0.2853217,-0.53828907,-0.92362976,False
553,-0.21548879,-0.21154022,0.22790682,True
552,0.62945664,0.7797847,-0.40739667,False
551,0.12778926,0.9407085,0.5164697,False
550,0.15756226,0.30934608,9.214282e-2,False
549,0.3965062,-0.6407906,0.83811617,True
548,-0.43906546,-0.4888333,0.24053049,True
547,-0.30028105,0.14466596,-0.7643609,False
546,-0.28313613,-0.6286659,-0.6778449,True
545,-0.65878034,0.17313755,-0.40633583,True
544,4.215169e-2,-0.13552034,-0.6479373,False
543,0.25250208,-0.14056408,0.87964404,True
542,0.77997136,-0.46241963,-1.0936141e-2,False
541,-0.9442264,4.4517517e-2,-0.16111112,True
540,0.9575877,0.23303103,0.23076904,False
539,0.24234629,0.24712646,-0.4376465,False
538,-0.21584713,-0.6419178,0.15643907,True
537,0.41334593,0.4445256,0.95387864,True
536,0.1702447,0.2281369,-0.44662237,False
535,-0.8933666,0.72224426,0.24559033,True
534,0.3197217,-0.51815796,0.851856,True
533,0.64166975,0.7919446,0.31078744,False
532,0.11341417,0.8720857,0.31155145,False
531,0.7724893,0.17239809,-0.69475365,False
530,-0.32869232,0.87102115,-0.32444453,False
529,-0.64652646,0.9742683,0.6281656,True
528,-0.23022199,0.74998105,-0.34176278,False
527,0.5921891,-0.9271294,-0.6841626,False
526,-0.16541588,0.8631599,-0.45285106,False
525,0.54878867,0.56249046,0.6873739,False
524,0.8597791,-0.55769014,5.8670163e-2,False
523,0.3221234,-0.9019573,0.7388611,True
522,0.6595738,0.6515832,0.1543262,False
521,-0.6448424,0.67129695,-0.51648915,False
520,5.633247e-2,0.55277884,0.688334,True
519,-0.11925185,-0.94937193,-0.7041333,True
518,-0.29560637,-0.65662384,0.7260355,True
517,0.24709761,-0.8668066,-0.95106006,False
516,0.4492011,-0.68533516,0.61588573,True
515,-5.679941e-2,0.70500696,0.48971808,True
514,0.91194,0.90516484,0.7249918,False
513,-0.797639,-0.1627922,0.7940136,True
512,-0.19907677,0.5687963,-0.57069874,False
511,0.75079787,0.35017967,0.5521705,False
510,-0.28745854,0.79290664,0.96217334,True
509,-0.253165,-0.21842778,-0.23398387,True
508,0.2178874,0.25017226,-0.84167385,False
507,0.3949523,4.8749328e-2,-0.7556571,False
506,0.98823595,0.6539122,8.715117e-2,False
505,0.32841372,-0.11583364,-0.81995034,False
504,-0.8899826,-0.37922108,0.6265631,True
503,-4.375422e-2,-0.48293054,-0.21314943,True
502,0.72188425,-0.16450918,0.9245279,True
501,-0.9911164,-0.18998873,0.43105865,True
500,-0.6670835,0.7107605,0.16519451,True
499,-0.28777575,-0.43337226,0.59735656,True
498,-0.7392609,-0.8173965,0.88425195,True
497,-0.3674146,-0.6425314,0.3176725,True
496,7.076025e-3,0.7729658,0.34593165,False
495,0.9309819,-0.329548,-0.9362433,False
494,0.8239633,0.490983,0.11527598,False
493,-0.45130408,-0.5913303,-0.1683799,True
492,0.30414486,-0.98948884,0.19863415,True
491,0.94299793,-0.21021152,0.73372066,False
490,1.962781e-3,0.3997631,0.7167437,True
489,-0.6945914,0.42252052,-2.6821136e-2,True
488,0.7693535,0.995381,-0.39052033,False
487,-0.38241768,0.2962078,3.345728e-2,True
486,0.32629967,0.40413368,0.28387904,False
485,0.45308232,0.1543212,0.5424278,False
484,-0.80644536,0.8880824,-0.6234132,False
483,-0.50516963,0.2509123,0.10836768,True
482,0.3249104,-0.78791237,-0.47429967,False
481,-0.74354815,0.1235652,0.9621475,True
480,-0.52089703,0.6780137,-9.2354774e-2,True
479,-0.16836345,0.61423266,0.898234,True
478,0.2088865,0.47688258,-0.25773084,False
477,0.92329955,0.17779326,-0.28539455,False
476,0.81234753,0.72484267,-0.4166788,False
475,-0.6684433,8.840084e-2,-0.9071982,False
474,-0.90284157,0.58016765,0.52273345,True
473,-0.7266265,0.42819083,0.62044466,True
472,-0.8363323,0.48537505,-0.18263209,True
471,-0.49189425,0.37336516,-0.3841548,False
470,-2.4615765e-2,0.2545302,1.4770269e-2,False
469,-0.2568736,0.58910894,0.39517903,True
468,0.28147662,-1.913166e-2,-0.48277128,False
467,6.1619163e-2,-0.8397198,-0.99363565,False
466,0.11579776,0.86793625,0.9798626,True
465,0.4253676,-0.86439323,-0.47049415,False
464,-0.9792696,-0.9333919,0.42438996,True
463,-0.7946907,-0.246629,-0.4821664,True
462,-0.7097205,0.7955816,0.95413816,True
461,-0.30473948,0.44248128,-0.24709201,False
460,-0.66797554,0.12162602,-0.87838566,False
459,8.353305e-2,-0.19845724,0.6796309,True
458,-0.87217057,-0.14833128,-0.22693408,True
457,0.86569035,-0.9303973,1.1639476e-2,False
456,-0.43443692,0.5563551,0.5741911,True
455,0.6551204,0.3627838,2.1951795e-2,False
454,-0.9310324,0.46103132,-0.3942529,True
453,-7.061648e-2,0.545745,-0.30827332,False
452,0.51088476,-0.5954325,-0.8239317,False
451,0.25359666,-0.47647834,-0.3233117,False
450,5.565059e-2,-0.77502525,-4.1417956e-2,True
449,0.8634938,-8.037591e-2,-0.7522751,False
448,-0.96901715,-0.9102309,-0.3811127,True
447,-0.546811,-4.9129725e-2,0.1948402,True
446,0.4569491,-0.65319014,-0.74641573,False
445,-0.4779377,0.14906716,-0.523491,False
444,-0.6315353,0.8673402,-0.14798546,False
443,-0.94355845,-0.7355943,0.8828639,True
442,-0.2397939,-0.6961719,-0.63191736,True
441,0.34249938,-0.15982807,-0.77240014,False
440,0.3676747,0.2971592,-0.8040118,False
439,0.6052288,0.97784674,0.5537913,False
438,-0.5790366,-0.5249269,-0.64017546,True
437,-2.3110032e-2,0.130965,-0.9391022,False
436,0.7054193,-0.7473799,-0.79924786,False
435,-0.17506123,0.14635968,-0.427791,False
434,-0.787405,-0.40021312,0.20157933,True
433,-0.7787036,-0.14278996,-0.44752514,True
432,-0.30248702,-0.6143255,-0.7738025,False
431,-0.270813,7.40633e-2,-0.3296994,False
430,-8.138442e-2,-0.25096548,0.8083041,True
429,0.260849,0.8887079,-0.81470203,False
428,0.8393729,0.87443924,0.8561915,False
427,0.53824794,-5.500698e-2,0.46690714,False
426,-0.20146835,-6.834245e-2,-0.65714157,False
425,0.41136575,0.81771636,0.45745623,False
424,-0.6776918,0.47203815,-0.87765193,False
423,0.7196014,0.33603764,0.92909634,False
422,0.36467373,0.5006361,7.066047e-2,False
421,0.52707005,-0.7497548,0.95897436,True
420,0.4452988,0.6477637,0.29022133,False
419,-0.4954331,0.8372015,-0.115003705,False
418,-0.46404135,-0.9431125,-0.3397392,True
417,0.14277852,-9.124041e-3,0.8523238,True
416,0.55311465,-0.94776714,-0.22099781,False
415,-2.7914882e-2,-4.7121286e-2,4.3973565e-2,True
414,-0.6579796,-0.81049156,0.98134005,True
413,-0.7608261,-0.83984053,0.8929082,True
412,0.648751,-0.98700416,-0.6325213,False
411,0.34934843,-0.5973078,0.60226536,True
410,0.15106952,-0.90150654,-0.56009114,False
409,0.9900466,0.3044063,-0.7293227,False
408,-0.8829198,-0.59287953,-0.6882503,True
407,0.68449914,-0.9328594,0.20246816,True
406,-0.63600385,-0.2420789,0.8818674,True
405,0.6310322,-0.32725453,-0.7797725,False
404,0.79325163,0.31418192,-0.84886587,False
403,-0.35973227,0.8498913,-0.9239502,False
402,-0.7642386,-0.95176816,-0.6894196,True
401,-0.19563293,0.75253415,-0.22569597,False
400,0.6627784,0.7251009,-0.6381662,False
399,0.4719062,0.16074622,-0.30031955,False
398,0.1483537,0.38411975,0.8907083,True
397,-0.94351256,-0.10993564,0.7903969,True
396,-0.17306447,0.54875195,0.70444083,True
395,0.7137184,0.52572715,0.17497325,False
394,0.85108423,-0.2918545,0.20972371,False
393,0.61696386,0.61374986,0.1655674,False
392,0.2162863,0.70996356,-0.95053935,False
391,0.19474566,0.41112745,-0.51701903,False
390,0.38369954,-0.8712928,-0.29985023,False
389,-0.5304071,-0.41249633,0.7202116,True
388,0.820555,0.5538802,0.16066658,False
387,0.59321856,-7.227433e-2,0.61420465,True
386,-0.5683178,6.4670086e-2,-0.75934756,False
385,0.9889376,0.15466678,-0.25835896,False
384,-0.1079973,-0.8471247,-8.423972e-2,True
383,0.948429,-0.7125782,0.7196168,True
382,-0.5782471,6.5870404e-2,-0.43402183,True
381,0.41532326,-0.84242094,0.12509048,True
380,0.7164724,-0.38289893,-0.49773848,False
379,-0.76334655,0.78474545,0.9218079,True
378,-0.77914655,0.44798458,-0.6983322,False
377,-0.6661794,9.628403e-2,-0.7942724,False
376,-0.22714913,-0.39646995,0.9931915,True
375,7.505751e-2,-0.87111413,-0.79513466,False
374,0.13610327,-0.53988266,0.42805767,True
373,-2.5649905e-2,-0.8663031,0.13990557,True
372,0.5682622,-0.51200604,0.25501728,False
371,-0.6591022,-0.64853024,0.75872636,True
370,-0.6116711,-0.5832089,-0.8985739,True
369,0.97883356,-0.5045991,0.8682766,True
368,0.557384,0.9296527,0.61381066,False
367,-6.108153e-2,-0.5337887,0.9883977,True
366,-0.73215044,-0.48647654,-0.22642517,True
365,0.18627226,-0.73013353,0.7925092,True
364,0.11227524,0.9166665,4.9836516e-2,False
363,-3.0782461e-2,0.74993825,0.23337185,False
362,-0.7058376,0.86855805,6.0389042e-2,True
361,0.44717395,0.643541,0.18433523,False
360,0.8158864,-0.75856876,0.14644313,False
359,2.3851514e-2,-0.23288798,-0.8002851,False
358,-0.6604409,-0.21300852,0.6269467,True
357,0.95227516,-0.95787275,0.55420446,True
356,0.7279841,-0.740463,-0.9868723,False
355,-0.8988496,0.43584538,-0.6787032,False
354,0.35086286,0.86203563,0.7680501,False
353,-0.42481494,0.52841675,0.29621577,True
352,0.7733089,0.2547568,0.13955593,False
351,-0.9574758,-0.6226511,0.4506867,True
350,0.7254126,-0.30496264,0.11738968,False
349,3.0687094e-2,0.9762937,-5.9235096e-2,False
348,-0.97494566,0.1072309,-0.6906997,True
347,0.84887683,0.46117914,0.16867566,False
346,0.15809226,-0.24676824,0.44765246,True
345,-0.47880137,0.3568108,0.37067628,True
344,-0.6174946,0.80080247,0.94663846,True
343,-0.19365048,0.7652992,-0.104706764,False
342,-0.75003123,-0.40703833,-0.55397487,True
341,-0.38751554,0.9163221,0.29113054,True
340,8.998561e-2,0.30280507,-0.33584368,False
339,-5.3435326e-2,7.397556e-2,0.7693244,True
338,-0.14210594,0.43642998,-0.15506375,False
337,0.7541026,0.21442771,-0.97640526,False
336,0.5123048,-0.41870332,8.664656e-2,False
335,0.98232484,-0.44289577,-0.17830217,False
334,0.5377052,0.5957465,-0.92048216,False
333,-4.5946956e-2,-0.60210204,0.60111785,True
332,-5.8945417e-3,-0.5816325,-0.2222135,True
331,0.2836572,-0.33291543,0.7289858,True
330,-0.9309732,-0.20399332,-0.24432838,True
329,-0.6778611,0.68924963,-0.70413065,False
328,4.112029e-2,-0.229954,-0.49135077,False
327,0.8894266,-0.8558687,-0.48842776,False
326,0.56060207,-0.57897425,-0.7276031,False
325,0.38810766,0.4733684,0.6568812,False
324,0.9450356,0.90166056,-0.9953246,False
323,0.30689466,0.74937797,0.942134,True
322,-9.620142e-2,-0.8865775,0.40706217,True
321,-0.43347776,-0.37875032,-0.4715104,True
320,0.6041986,0.2557993,-0.15672374,False
319,0.3313173,0.32184696,-0.85909,False
318,-0.91152143,-0.6762024,-0.12760639,True
317,0.8872789,-0.41926074,0.67304003,True
316,0.74826825,-0.7896035,-0.17814839,False
315,-3.2393217e-2,0.95083344,-3.1713724e-2,False
314,0.59512424,-0.7195029,0.26639318,True
313,-0.7895038,0.9445474,0.9116683,True
312,-0.8835292,0.32707155,-0.5385604,True
311,7.352841e-2,-0.7518898,0.17003691,True
310,0.74657106,0.31497347,0.9667984,False
309,0.28696322,-0.5791924,0.575933,True
308,-0.408131,0.42166626,0.30034637,True
307,-0.713585,-7.295954e-2,0.6470108,True
306,-0.6772213,-0.8292078,-0.15986896,True
305,-0.20399845,0.4500705,-0.33804214,False
304,0.9569943,-0.70806086,-0.103182316,False
303,-0.23859799,-0.84770095,-0.10714722,True
302,-8.773637e-2,0.22365785,0.8215275,True
301,0.87934184,-0.5094632,0.3812958,False
300,-0.9000039,-0.3062297,-0.76936054,True
299,-0.4608382,-0.20372033,-0.7946,False
298,-0.36480367,0.5062226,-0.6154697,False
297,-5.9365034e-2,-0.26004255,0.5170187,True
296,0.10994518,-0.328763,-0.105152845,False
295,1.2280822e-2,0.809302,-5.126953e-2,False
294,-0.31306362,-0.84919655,-0.17574978,True
293,0.23132205,-0.69332266,0.1555897,True
292,0.75441456,-0.6958252,0.78920233,True
291,-0.28283334,0.33316612,0.98861,True
290,-0.20868576,-0.38290703,0.3502115,True
289,-0.35585308,-3.693247e-2,-0.42205215,False
288,-0.9249927,0.6948714,-0.3657812,True
287,0.9938079,0.12842655,0.60930145,False
286,-0.4866004,-5.1171064e-2,0.5635017,True
285,-0.7471534,-0.3457111,-0.622033,True
284,-0.8691424,0.72984874,-0.40329945,True
283,0.14259171,-0.4209845,0.90829897,True
282,0.6748431,0.54252255,-0.4372059,False
281,0.34901917,0.6536958,-0.23179448,False
280,-0.6362901,0.40084803,-0.60513306,False
279,-0.8869101,0.38064194,0.6313263,True
278,-0.11899853,-0.86697185,-0.9174932,False
277,-0.544914,0.15569735,-0.48546505,False
276,-0.94868076,-0.20330524,0.32299972,True
275,-9.1832876e-2,0.47972465,-0.8580133,False
274,-0.52488196,0.530403,0.5092168,True
273,0.44876313,-0.86522305,0.39675093,True
272,0.24451494,0.838415,0.40108776,False
271,0.3096063,-0.21994281,-0.875008,False
270,0.10201013,-0.21151948,-1.6984105e-2,True
269,0.16661453,-0.251974,0.61332226,True
268,0.48274088,0.48605204,-0.43764317,False
267,-0.48012292,0.8150072,-8.844733e-3,False
266,-0.33055222,0.41049528,-0.23965204,False
265,-0.48951173,0.97473276,-0.22296989,False
264,0.5304328,0.5247338,0.7469474,False
263,0.7197896,0.5798135,0.9675945,False
262,-0.9080914,8.811593e-3,-0.32255173,True
261,0.4031577,0.34941828,-0.9214846,False
260,-0.26495445,-0.12966835,3.184545e-2,True
259,-0.31098402,0.8542088,-0.78030694,False
258,-7.671785e-2,0.8379847,-0.6561246,False
257,-0.87599325,-0.29777622,0.44826162,True
256,-0.96920276,-0.9654647,-0.40752912,True
255,-0.62869835,-0.8038521,-0.32026374,True
254,0.2557807,0.7904769,0.92649424,True
253,0.49514174,-0.28814912,-0.72002244,False
252,-0.29769802,0.2736683,-0.75507355,False
251,-0.7246094,-0.74601686,-0.6129024,True
250,-0.5337833,0.6869813,-0.8253863,False
249,-0.47053444,0.8860581,-0.4701246,False
248,-0.718716,-1.7073035e-2,0.92546415,True
247,0.13375473,0.86008275,0.4492737,False
246,0.40577853,0.9931413,-0.15656948,False
245,-0.7659503,3.0332327e-2,0.9505533,True
244,0.47824848,0.77192736,0.6119106,False
243,0.9704342,-0.77224445,0.8245872,True
242,0.8879671,-0.32393992,0.56076324,False
241,0.12950099,-0.26994646,-0.34170616,False
240,-0.6775739,0.3585348,-0.5599904,False
239,0.42393625,-0.50814414,-0.3108107,False
238,0.91212595,-0.11813092,-0.19980371,False
237,-0.4650097,0.73346996,-0.7790772,False
236,0.32808852,-0.77787983,0.31953776,True
235,-0.52575374,-3.1565905e-2,0.46463406,True
234,0.7485988,0.82963943,-0.8907236,False
233,0.5165427,-0.24020898,4.314649e-2,False
232,0.8836156,0.90349746,-0.43469715,False
231,-0.24118006,-0.71116984,0.84710276,True
230,-0.19696283,-0.7731334,0.5222504,True
229,0.94455993,-0.6925993,0.6814276,True
228,-0.19430327,-0.107706904,0.37927687,True
227,-0.706987,0.24165034,-0.4657147,True
226,-0.21298444,-0.4323727,-0.25962257,True
225,9.4192386e-2,-0.9289993,-0.26324964,True
224,0.9325124,7.4236155e-2,-0.63158894,False
223,-0.8169074,-0.9881573,-0.10157943,True
222,0.5149722,-0.55632436,0.36987793,True
221,-0.8023392,-0.42711067,-0.96043646,True
220,0.5094769,3.0898571e-2,-0.48380637,False
219,-0.8751571,-0.59070694,-0.1783297,True
218,0.29135358,-0.44436777,-0.72580373,False
217,-0.8039217,-0.15157068,-0.6391345,True
216,0.8129138,0.5360522,0.7878808,False
215,-7.567251e-2,-0.100465775,-0.2169832,False
214,-0.81664777,-0.86704016,-0.20260274,True
213,-0.5327201,2.2813201e-2,0.5405612,True
212,-0.58656263,0.3553797,-0.459548,False
211,-0.13582802,0.8842666,0.33382308,False
210,0.18107629,-0.27266407,-0.49083054,False
209,-0.817235,0.7291242,0.7459067,True
208,0.21211159,-0.7268419,0.3807515,True
207,-0.24935126,-0.82865345,-0.8183907,True
206,6.3722014e-2,-0.65173256,-0.30390346,True
205,-7.1685314e-2,0.7685727,0.5274718,True
204,0.5022764,7.760084e-2,-0.6763612,False
203,0.70585966,-0.26829684,-0.60888565,False
202,0.14954734,-0.11076856,-0.7116021,False
201,-0.56200445,-0.19502711,-0.5201069,True
200,0.7716267,0.6173394,0.86535,False
199,6.024742e-2,-2.6170492e-2,0.539922,True
198,-7.281041e-2,0.10205686,2.5341272e-2,True
197,-0.6505624,-5.650997e-2,0.40926158,True
196,0.8790554,-0.9136945,-0.3741945,False
195,0.75365627,-0.5121857,0.47015202,True
194,1.7773032e-2,-0.2585411,-0.5213964,False
193,-0.5124334,-0.12740421,-0.18842292,True
192,-0.28606963,0.18559575,0.4621297,True
191,0.1993519,-0.75138474,0.51315975,True
190,-4.7854066e-2,-0.47709215,-0.6333704,False
189,-0.69629776,-0.91051495,-0.5123292,True
188,-0.8291297,-0.8555795,0.28644145,True
187,0.81480896,0.6566601,0.34122038,False
186,0.20659924,-0.13456869,0.6644558,True
185,0.22518134,0.64297926,-0.3608545,False
184,-4.333949e-2,-0.7668911,-0.7839861,False
183,0.54542816,0.13802063,-0.48711646,False
182,0.8788773,-0.78879404,-0.9789337,False
181,0.37425983,0.5128578,0.90156186,True
180,0.50487614,0.17754376,0.437971,False
179,1.962471e-2,0.6520299,-0.40940785,False
178,0.4967872,-0.17898214,-0.3710066,False
177,4.8298717e-2,-0.22684824,0.44931042,True
176,-0.19980335,-0.41357124,-0.10579622,True
175,-0.39665234,-0.18136954,0.3058759,True
174,-0.15769589,3.5873652e-3,-0.6152843,False
173,-0.25217247,0.75670314,-0.6140281,False
172,-0.8038621,-0.1187098,0.14406312,True
171,0.9675369,-0.2418096,-0.8885063,False
170,0.6587113,9.412336e-2,-0.5502759,False
169,0.74977815,0.93139994,-0.846244,False
168,0.31601048,0.9462743,-0.7350174,False
167,0.2317549,0.47456455,0.8801701,True
166,-0.8026984,0.9650779,0.6749264,True
165,0.59142864,0.75237215,-0.77809536,False
164,0.3135848,-0.89311457,-0.47485256,False
163,0.8052534,0.9581194,0.16165793,False
162,-8.99322e-2,-7.5050235e-2,-0.6734376,False
161,-0.5140772,0.22243571,-8.883655e-2,True
160,-0.7010052,-0.34983802,0.20283854,True
159,-0.88181996,0.6086787,-0.7462901,False
158,-0.45380878,-0.8277823,-0.8081267,True
157,-0.21764052,0.6823945,0.7340996,True
156,0.50259733,-0.45920408,-0.7224977,False
155,-0.8530688,3.8484335e-2,0.899472,True
154,-0.28252435,0.2784251,0.6433984,True
153,0.48356855,0.9884844,-0.9586239,False
152,0.4550221,-0.5798409,-0.91412485,False
151,-0.4604298,-0.84406674,0.47416532,True
150,0.41769886,-5.7890654e-2,-0.97428834,False
149,4.8619628e-2,0.9463835,-0.87866735,False
148,0.45198214,-0.661335,-0.7685187,False
147,-9.95729e-2,0.29365754,-0.32511508,False
146,-0.50746155,-0.50009334,0.10126376,True
145,-5.219817e-3,0.21397984,0.6471313,True
144,0.1898911,-0.3800788,-0.42524457,False
143,-0.71338797,-0.2366209,-0.2979921,True
142,0.4837476,-0.20137632,0.10093677,False
141,-2.1800637e-2,-0.6954056,0.9596114,True
140,-0.8473331,0.5716237,0.90522087,True
139,0.97271705,0.24295878,-0.99891865,False
138,-0.62579966,0.11165011,0.4076463,True
137,-0.15395677,-0.15026999,-0.37159193,False
136,5.5532455e-2,-0.85600567,0.99062693,True
135,-0.65421605,0.2485565,0.22403848,True
134,0.709811,-0.39167237,0.617478,True
133,-0.6420338,-0.43900025,-0.8473537,True
132,-3.8814068e-2,0.53898907,-2.9583573e-2,False
131,-0.6993115,-0.6329119,0.99395645,True
130,0.23571932,0.34758008,-0.61311615,False
129,-0.26741266,-0.8689312,0.7118684,True
128,0.6749445,0.5717566,0.830179,False
127,-0.21580577,-0.43671417,-0.34088242,True
126,-0.22571242,-0.54024565,0.16771698,True
125,-3.5809517e-2,0.57689846,0.8178009,True
124,0.7154646,0.16061509,0.8366282,False
123,-0.8759334,0.94481444,-0.52220166,False
122,0.25102878,0.34324527,-0.28487504,False
121,0.76145554,-0.262784,0.5451107,False
120,2.1492362e-2,-0.88971245,4.6860456e-2,True
119,0.97277606,-0.5052873,-0.5183598,False
118,-0.71955323,0.9615418,0.15551507,True
117,-0.76803315,-0.49519217,0.35976577,True
116,0.8213843,0.9811537,-7.570088e-2,False
115,-0.2947091,0.22725368,-0.16194737,False
114,0.7922791,0.51738966,0.15685451,False
113,0.62385964,0.38784218,0.8138946,False
112,0.25812364,-0.29395962,0.6789303,True
111,0.22740448,0.3075155,8.988762e-2,False
110,-0.13600206,0.33419704,0.93737483,True
109,0.6400906,0.53376436,0.2289989,False
108,0.59153795,0.21710932,0.29034638,False
107,0.72253716,0.8989241,1.3842821e-2,False
106,0.50179195,0.4414239,0.35612226,False
105,-0.7419034,-0.55684114,0.7480836,True
104,-0.8554169,0.24124575,-0.2131548,True
103,-0.80021274,-0.39764166,9.960294e-2,True
102,-0.73008645,-0.7438525,0.5953313,True
101,-0.3803643,-0.4567454,-0.8067707,False
100,-0.4705478,-0.14507818,0.2369703,True
99,0.9379723,-0.99994886,0.12431502,False
98,-6.812596e-2,-0.84875286,-0.23426723,True
97,0.99918413,-0.65818846,0.44201255,False
96,0.6818843,-0.68992186,-0.32011378,False
95,0.8629917,-0.34995246,0.85941815,True
94,-0.48548043,0.77845967,-1.5786886e-3,False
93,0.8368453,-0.7945056,0.62854517,True
92,-0.69796216,0.36532366,0.96734273,True
91,9.559059e-2,-0.6908686,-0.2052927,True
90,-0.52672493,0.33347595,-0.5037644,False
89,-0.41145027,-6.95312e-2,-0.563493,False
88,0.5301329,-0.65502703,0.74974096,True
87,-2.8719902e-2,-0.5802393,0.55218685,True
86,0.25590742,-0.14853895,0.48339295,True
85,0.50076425,2.8888464e-2,0.6649524,True
84,0.32557297,-0.2554598,-0.94172084,False
83,-0.6085427,-0.24373412,-0.9119574,False
82,-7.970834e-2,-0.49339294,0.84658206,True
81,0.51933444,-0.13406038,0.3783214,False
80,0.951301,-0.9280175,0.9422829,True
79,-0.16655767,-0.17552686,-8.136034e-2,True
78,-4.9362898e-2,-0.399917,0.3638786,True
77,0.2044226,0.7297162,-0.9861536,False
76,-0.8895483,-0.8837364,-0.16046023,True
75,0.5731243,-0.2754594,-0.7824441,False
74,-0.83931804,0.3761778,0.6479534,True
73,0.21079195,-0.4119954,0.69910145,True
72,0.39430797,0.15067029,-0.63811576,False
71,-0.19351661,-0.90537465,0.6971053,True
70,0.81883323,-0.8607907,-0.441916,False
69,-0.17242861,0.2653916,0.6946515,True
68,-0.43043888,0.530669,0.3328091,True
67,0.3393438,0.2664188,0.21511173,False
66,-4.8413157e-2,0.5208926,0.99419737,True
65,-0.57139564,-8.975005e-2,-0.32215893,True
64,-0.35956013,-0.90492606,0.81643116,True
63,-0.5055134,0.46128094,0.49284625,True
62,-0.93408096,6.598997e-2,0.33049917,True
61,-0.6566361,6.4128876e-2,0.13869691,True
60,0.9836178,-0.8604146,-0.9070909,False
59,-0.7723682,0.16736138,0.6687659,True
58,0.7334784,0.18046856,-0.409806,False
57,0.7354605,-0.56344175,-0.72230303,False
56,6.3206434e-2,0.28985906,-9.104943e-2,False
55,-0.86724794,0.74276984,-5.3914785e-3,True
54,-0.7618377,-0.16890574,-0.252226,True
53,6.811702e-2,-0.8889171,-0.9164624,False
52,0.67183506,-0.22269917,8.328676e-2,False
51,-7.625067e-2,0.14462209,-0.58465064,False
50,0.67360806,-0.4910512,0.3426621,False
49,-0.7935239,-0.24221385,0.85403657,True
48,-0.20580757,-0.24505925,2.7182102e-3,True
47,-3.1011105e-3,-0.31077027,-0.45596004,False
46,0.37392426,0.49841297,-0.8930291,False
45,0.44755518,0.65185595,-0.6497252,False
44,-0.4211403,-0.34568608,-0.47775877,True
43,0.33395386,0.9618871,-0.6207756,False
42,0.14258718,-0.7586155,0.7676586,True
41,0.84709775,-0.87092876,-0.21714306,False
40,0.8497703,-0.5350696,0.75291777,True
39,-0.54482853,0.75535464,0.9179528,True
38,0.37223303,0.12528706,0.11548889,False
37,-0.830986,0.586972,-0.9504167,False
36,-0.87005126,0.16487134,0.4322244,True
35,-0.28870094,0.69199836,-0.22123325,False
34,0.60099983,-0.39605284,-0.31471956,False
33,-0.9068309,-0.90411353,0.7259847,True
32,-0.24005008,0.18826783,-0.59166694,False
31,0.39552236,-0.29191828,-0.24399483,False
30,-0.58645344,-0.90718687,-0.985762,True
29,4.4950128e-2,-0.9023229,0.10405767,True
28,-0.34570074,0.98535705,0.9859791,True
27,0.32844186,3.1174064e-2,0.63650477,True
26,0.4968227,0.2044735,0.31051743,False
25,0.15860617,0.64738774,-0.28910828,False
24,-0.5337038,0.6997211,0.5947721,True
23,-0.25290716,-9.384513e-2,0.73991,True
22,0.45104682,0.75469637,-3.640914e-2,False
21,0.7921721,-0.6994742,-0.46754467,False
20,-0.7976985,0.73827326,0.49044776,True
19,0.19928956,0.55065465,-0.5393088,False
18,-0.12689173,0.17568982,-2.030015e-3,True
17,0.7399006,-0.78183806,-0.49759746,False
16,0.42099786,0.5258719,-0.23841238,False
15,-0.8211515,-0.5541625,-0.2925533,True
14,0.6688707,-0.2809199,-0.7837219,False
13,0.8009708,-0.6225778,-0.10130727,False
12,0.6122556,-4.6373487e-2,0.99113,True
11,0.96828604,-6.7021847e-3,0.72809005,False
10,0.33202326,-0.16508889,0.50440145,True
9,0.8134539,0.46573353,-0.4508543,False
8,-0.85635805,-0.29790592,5.3343058e-2,True
7,-0.17651689,-0.7222997,0.78971684,True
6,0.8479166,0.66505766,-0.7146033,False
5,-0.42379177,-0.89057434,0.5702846,True
4,0.1887554,-0.22322392,0.14418197,True
3,0.1353091,0.9687122,-0.37631392,False
2,-0.42109668,-0.5845355,0.105398536,True
1,-9.219909e-2,-0.37437677,0.18301558,True
0,0.7979071,0.21310425,-0.5294589,False
